 1851  0.823  0.357 -0.564  0.510  0.062  0.062  0.367  0.279  0.172  0.672 -0.132 -0.240  0.197
 1851      3      3      3      3      3      3      3      3      3      3      3      3
 1852  0.132  0.185 -0.016 -0.889  0.427  0.485  0.539  0.064  0.147 -0.252  0.126  1.834  0.232
 1852      3      3      3      3      3      3      3      3      3      3      3      3
 1853  0.711 -0.656 -1.348 -0.478 -0.213 -0.196  0.418  0.325 -0.333  0.082 -0.527 -1.230 -0.287
 1853      3      3      3      3      3      3      3      3      3      3      3      3
 1854 -0.444  0.256  0.200 -0.355  0.428  0.107  0.616  0.399  0.171  0.702 -0.501  0.346  0.161
 1854      3      3      3      3      3      3      3      3      3      3      3      3
 1855  0.059 -1.359 -0.521  0.444  0.243  0.197  0.277  0.127 -0.303  0.346 -0.431 -1.622 -0.212
 1855      3      3      3      3      3      3      3      3      3      3      3      3
 1856 -0.303 -0.751 -1.241 -0.022 -0.592  0.232 -0.413 -0.293 -0.601 -0.599 -1.486 -0.141 -0.518
 1856      4      4      3      3      3      3      3      3      3      3      3      3
 1857 -1.157  0.283 -0.708 -1.460 -1.028 -0.316 -0.007  0.147 -0.325 -0.412 -0.726  0.647 -0.422
 1857      3      4      3      4      4      4      4      4      4      4      4      4
 1858  0.054 -1.353 -0.734 -0.397 -0.365  0.146 -0.149 -0.344 -0.361 -0.059 -1.819 -0.382 -0.480
 1858      4      4      4      4      4      4      4      4      4      4      4      4
 1859 -0.167  0.153 -0.024 -0.149  0.021 -0.159  0.049  0.044 -0.551 -0.152 -0.310 -1.072 -0.193
 1859      4      4      4      4      4      4      4      4      4      4      4      4
 1860  0.156 -1.111 -1.565 -0.538 -0.291  0.056 -0.252 -0.011 -0.268 -0.335 -1.291 -1.610 -0.588
 1860      4      4      4      4      4      4      4      4      4      4      4      4
 1861 -2.001  0.241  0.101 -0.782 -1.015  0.173 -0.099  0.079 -0.300 -0.264 -0.705 -0.448 -0.418
 1861      4      4      4      4      4      4      4      4      4      4      4      4
 1862 -1.255 -1.314 -0.414 -0.308 -0.154 -0.360 -0.433 -0.725 -0.359 -0.535 -1.006 -1.171 -0.670
 1862      4      4      4      3      3      3      4      4      4      4      4      4
 1863  1.155  0.468 -0.366 -0.302 -0.214 -0.374 -0.457 -0.249 -0.485 -0.604 -0.381 -0.377 -0.182
 1863      3      4      4      4      4      4      4      3      3      3      3      3
 1864 -1.422 -0.618 -0.505 -0.762 -0.627  0.165 -0.034 -0.465 -0.279 -1.356 -1.319 -1.285 -0.709
 1864      4      4      4      4      4      4      4      4      4      4      4      4
 1865 -0.131 -1.352 -1.429 -0.157 -0.161 -0.172  0.161 -0.331  0.282 -0.597  0.057 -0.564 -0.366
 1865      4      4      4      4      4      4      4      4      4      4      4      4
 1866  0.599 -0.528 -0.918 -0.214 -0.729  0.077  0.011 -0.492 -0.009 -0.857 -0.654 -0.380 -0.341
 1866      4      4      4      4      4      4      4      4      4      4      4      4
 1867 -0.729  0.612 -1.931 -0.499 -1.195 -0.259 -0.321 -0.171 -0.079 -0.079 -0.641 -0.982 -0.523
 1867      4      4      4      4      4      4      4      4      4      4      4      4
 1868 -1.426 -0.888 -0.197 -0.682  0.195  0.136  0.496  0.142 -0.355 -0.116 -1.024 -0.201 -0.327
 1868      4      4      4      5      5      4      5      5      5      4      5      5
 1869 -0.154  0.891 -1.167 -0.363 -0.449 -0.313 -0.140  0.280 -0.040 -1.005 -0.622 -0.424 -0.292
 1869      5      5      5      5      5      5      4      4      5      5      4      4
 1870  0.136 -0.968 -1.156 -0.458  0.013  0.244  0.166 -0.747 -0.317 -0.485 -0.133 -1.854 -0.463
 1870      5      5      5      5      5      5      5      5      5      5      5      5
 1871 -1.030 -1.200 -0.007 -0.340 -0.571 -0.382  0.059  0.163 -0.604 -0.616 -1.330 -1.234 -0.591
 1871      5      5      5      5      5      5      5      5      5      5      5      5
 1872 -0.105 -0.507 -0.617 -0.109 -0.004 -0.061 -0.109 -0.426 -0.163 -0.142 -0.500 -0.809 -0.296
 1872      5      5      6      5      6      6      5      5      5      5      6      5
 1873 -0.004 -0.640 -0.535 -1.022 -0.578  0.277 -0.130  0.050 -0.378 -0.400 -0.945  0.032 -0.356
 1873      6      6      6      6      6      6      6      6      6      6      6      6
 1874  0.291 -0.481 -1.132 -0.681 -0.871 -0.407 -0.247 -0.374 -0.192 -0.244 -0.833 -0.368 -0.462
 1874      6      6      6      6      6      6      6      6      6      6      6      6
 1875 -1.263 -1.638 -1.709 -1.093 -0.251 -0.177 -0.316 -0.296 -0.665 -0.836 -1.327 -0.940 -0.876
 1875      6      7      7      6      7      7      7      7      7      7      7      7
 1876 -0.265 -0.224 -0.451 -0.383 -0.769 -0.055  0.128 -0.163 -0.199 -0.450 -1.340 -1.515 -0.474
 1876      7      7      7      7      7      7      7      7      7      7      7      7
 1877 -0.308 -0.026 -0.636 -0.765 -0.924 -0.038  0.211  0.250 -0.367 -0.570  0.094  0.119 -0.247
 1877      7      7      7      7      7      7      7      7      7      7      7      7
 1878 -0.343  0.442  0.675  0.428 -0.446 -0.076 -0.061 -0.000  0.301  0.156 -0.130 -1.011 -0.005
 1878      7      7      7      7      7      7      7      7      7      7      7      7
 1879 -0.485 -0.498 -0.470 -0.648 -0.535 -0.623 -0.377 -0.381 -0.348 -0.118 -0.912 -1.238 -0.553
 1879      8      8      8      8      8      8      8      8      8      8      8      8
 1880  0.108 -0.269 -0.498 -0.346 -0.089 -0.103 -0.190  0.172 -0.165 -1.021 -1.088 -0.624 -0.343
 1880      8      8      8      8      8      8      8      8      8      8      8      8
 1881 -1.303 -0.626 -0.737 -0.460 -0.020 -0.609 -0.283 -0.138 -0.112 -0.663 -0.709  0.140 -0.460
 1881      8      8      8      9      9      9      9      8      8      9      8      8
 1882  0.682  0.102  0.137 -0.714 -0.740 -0.679 -0.532 -0.074 -0.082 -0.379 -0.768 -0.918 -0.330
 1882      9      9      9      9      9      9      9      9      9      9      9      9
 1883 -1.103 -0.947 -1.128 -0.722 -0.559  0.076 -0.242 -0.430 -0.542 -0.559 -0.584 -0.355 -0.591
 1883      9      9      9      9      9      9      9      9      9      9      9      9
 1884 -0.615 -0.416 -0.830 -1.099 -1.050 -0.698 -0.736 -0.239 -0.422 -0.526 -1.031 -0.641 -0.692
 1884      9      9      9      9      9      9      9      9      9      9      9      9
 1885 -1.362 -0.808 -1.074 -0.923 -0.910 -0.715 -0.344 -0.621 -0.342 -0.501 -0.439  0.037 -0.667
 1885      9      9      9      9      9      9      9      9      9      9     10     10
 1886 -0.783 -1.071 -0.980 -0.301 -0.411 -0.660 -0.319 -0.393 -0.197 -0.572 -0.484 -0.277 -0.537
 1886     10     10     10     10     10     10     10     10     10     10     10     10
 1887 -0.710 -0.796 -0.576 -0.676 -0.439 -0.421 -0.292 -0.458 -0.297 -0.894 -0.687 -0.613 -0.572
 1887     10     10     10     10     10     10     10     10     10     10     10     10
 1888 -1.206 -1.035 -1.484 -0.330 -0.771 -0.470 -0.405 -0.443 -0.209 -0.387 -0.485 -0.296 -0.627
 1888     10     11     10     11     11     10     10     10     10     10     11     11
 1889 -0.437 -0.428 -0.275  0.029  0.161 -0.139 -0.351 -0.386 -0.564 -0.332 -0.699  0.054 -0.281
 1889     11     11     11     11     11     11     11     11     11     11     11     11
 1890 -0.138 -0.364 -0.506 -0.255 -0.628 -0.285 -0.426 -0.430 -0.236 -0.528 -0.830 -0.721 -0.446
 1890     11     11     11     11     11     11     11     11     11     11     11     11
 1891 -0.979 -0.867 -0.699 -0.745 -0.471 -0.503 -0.511 -0.529 -0.217 -0.508 -0.934  0.191 -0.564
 1891     12     12     12     12     12     12     12     12     12     12     12     11
 1892 -0.726 -0.049 -0.885 -0.882 -0.820 -0.421 -0.482 -0.342 -0.269 -0.468 -0.787 -1.370 -0.625
 1892     12     12     12     12     12     12     12     12     12     12     12     12
 1893 -2.125 -1.556 -0.601 -0.683 -0.772 -0.485 -0.169 -0.372 -0.486 -0.241 -0.518 -0.386 -0.700
 1893     12     12     12     12     12     12     12     12     12     12     12     12
 1894 -0.557 -0.452 -0.205 -0.429 -0.549 -0.603 -0.424 -0.387 -0.758 -0.425 -0.434 -0.417 -0.470
 1894     12     12     12     12     12     12     12     12     12     12     12     12
 1895 -1.115 -1.555 -0.773 -0.470 -0.490 -0.367 -0.656 -0.344 -0.165 -0.318 -0.448 -0.249 -0.579
 1895     12     12     12     12     12     12     12     13     12     13     13     13
 1896 -0.346 -0.353 -0.856 -0.829 -0.376 -0.250 -0.228 -0.332 -0.286 -0.015 -0.965 -0.122 -0.413
 1896     13     13     13     13     13     13     13     13     13     13     13     13
 1897 -0.607 -0.370 -0.812 -0.059 -0.034 -0.150 -0.103 -0.260 -0.048 -0.288 -0.499 -0.582 -0.318
 1897     13     13     13     13     13     13     13     13     13     13     13     13
 1898  0.350 -0.410 -1.349 -0.687 -0.642 -0.202 -0.328 -0.127 -0.130 -0.575 -0.419 -0.117 -0.387
 1898     14     14     14     14     14     14     14     14     14     14     14     14
 1899 -0.140 -0.735 -0.816 -0.239 -0.475 -0.580 -0.265 -0.214  0.022 -0.196  0.339 -0.619 -0.326
 1899     14     14     14     14     14     14     14     14     14     14     14     14
 1900 -0.426 -0.406 -0.468 -0.413 -0.276 -0.008 -0.279 -0.147 -0.225  0.326 -0.176  0.160 -0.195
 1900     14     14     14     14     14     14     14     14     14     14     14     14
 1901 -0.175 -0.534 -0.166 -0.043 -0.137  0.098 -0.009 -0.078 -0.125 -0.176 -0.320 -0.457 -0.177
 1901     14     14     14     14     14     14     14     14     14     14     14     14
 1902  0.052 -0.075 -0.307 -0.475 -0.459 -0.362 -0.441 -0.503 -0.465 -0.550 -0.620 -0.864 -0.422
 1902     15     15     15     15     15     15     14     15     15     15     15     15
 1903 -0.117  0.144 -0.114 -0.539 -0.573 -0.596 -0.534 -0.493 -0.398 -0.574 -0.610 -0.763 -0.431
 1903     15     15     15     15     15     15     15     15     15     15     15     15
 1904 -0.823 -0.720 -0.924 -0.544 -0.539 -0.504 -0.542 -0.468 -0.586 -0.396 -0.284 -0.498 -0.569
 1904     15     15     15     15     15     15     15     15     15     15     15     15
 1905 -0.571 -1.272 -0.540 -0.706 -0.390 -0.206 -0.313 -0.333 -0.234 -0.532 -0.040 -0.002 -0.428
 1905     15     15     15     15     16     15     15     15     15     15     15     15
 1906  0.125 -0.466 -0.594  0.159  0.018 -0.093 -0.164 -0.192 -0.323 -0.228 -0.635 -0.143 -0.212
 1906     15     16     16     16     16     15     15     16     15     15     16     16
 1907 -0.715 -0.815 -0.553 -0.942 -0.994 -0.726 -0.494 -0.616 -0.422 -0.129 -0.805 -0.568 -0.648
 1907     16     16     16     16     16     16     16     16     16     16     16     16
 1908 -0.211 -0.391 -0.892 -0.584 -0.448 -0.375 -0.411 -0.576 -0.300 -0.596 -0.751 -0.413 -0.495
 1908     16     16     16     16     16     16     16     16     16     16     16     16
 1909 -0.656 -0.679 -0.889 -0.852 -0.809 -0.404 -0.421 -0.040 -0.126 -0.114 -0.076 -0.687 -0.479
 1909     16     16     16     16     16     16     16     16     17     16     16     16
 1910 -0.089 -0.367 -0.273 -0.224 -0.336 -0.299 -0.196 -0.231 -0.207 -0.414 -0.811 -0.691 -0.345
 1910     17     17     17     17     17     17     17     17     17     17     17     17
 1911 -0.611 -0.949 -0.839 -0.738 -0.423 -0.442 -0.268 -0.249 -0.296 -0.376 -0.174 -0.059 -0.452
 1911     17     18     18     18     18     17     17     17     17     18     17     18
 1912 -0.466 -0.069 -0.585 -0.438 -0.324 -0.119 -0.625 -0.717 -0.706 -0.833 -0.595 -0.288 -0.480
 1912     18     18     18     18     18     18     18     18     18     18     18     18
 1913 -0.263 -0.735 -0.665 -0.248 -0.871 -0.701 -0.383 -0.205 -0.337 -0.365  0.201  0.293 -0.357
 1913     18     18     18     18     18     18     18     18     18     18     18     18
 1914  0.487  0.172 -0.142 -0.312 -0.115 -0.099 -0.193 -0.143 -0.199  0.022 -0.346 -0.336 -0.100
 1914     18     18     18     18     18     18     17     18     18     18     18     18
 1915 -0.079  0.331 -0.657  0.079 -0.323 -0.215  0.011 -0.185 -0.044 -0.230 -0.004 -0.088 -0.117
 1915     17     17     17     17     17     17     17     17     17     17     17     17
 1916  0.036 -0.101 -0.746 -0.355 -0.378 -0.529 -0.221 -0.248 -0.320 -0.369 -0.479 -0.974 -0.390
 1916     18     18     18     18     18     18     17     17     18     18     18     18
 1917 -0.653 -1.387 -1.257 -0.788 -1.237 -0.448 -0.092 -0.333 -0.166 -0.620 -0.352 -1.325 -0.722
 1917     18     18     18     18     18     18     18     18     18     18     18     18
 1918 -0.817 -0.591 -0.542 -0.636 -0.775 -0.428 -0.466 -0.377 -0.289  0.152 -0.300 -0.328 -0.450
 1918     18     18     18     18     18     18     18     18     18     18     18     17
 1919 -0.078 -0.299 -0.597 -0.090 -0.474 -0.130 -0.217 -0.176 -0.061 -0.273 -0.852 -0.548 -0.316
 1919     17     17     17     17     17     17     17     17     17     17     17     17
 1920 -0.116 -0.429 -0.107 -0.332 -0.198 -0.271 -0.134 -0.207 -0.090 -0.375 -0.555 -0.522 -0.278
 1920     17     17     17     17     17     18     17     17     17     17     17     17
 1921  0.367 -0.122 -0.010 -0.021  0.069  0.086 -0.010 -0.379 -0.205 -0.213 -0.630 -0.142 -0.101
 1921     18     18     18     18     18     18     18     18     18     19     19     19
 1922 -0.645 -0.516 -0.372 -0.096 -0.165 -0.162 -0.277 -0.273 -0.205 -0.287 -0.152 -0.188 -0.278
 1922     19     19     19     19     19     19     19     19     19     19     19     19
 1923  0.067 -0.602 -0.367 -0.735 -0.388 -0.296 -0.458 -0.481 -0.193 -0.044  0.159  0.212 -0.260
 1923     19     19     19     19     19     19     19     19     19     19     20     19
 1924 -0.493 -0.516 -0.493 -0.655 -0.331 -0.198 -0.203 -0.232 -0.075 -0.171 -0.143 -0.594 -0.342
 1924     20     20     20     20     20     19     20     20     20     20     20     20
 1925 -0.361 -0.076 -0.297 -0.132 -0.414 -0.328 -0.417 -0.109 -0.254 -0.547 -0.067  0.202 -0.233
 1925     20     20     20     20     20     20     20     20     20     20     20     20
 1926  0.429  0.515  0.043 -0.370 -0.526 -0.202 -0.249 -0.058 -0.023 -0.076  0.097 -0.456 -0.073
 1926     20     20     20     20     20     20     20     20     20     20     20     20
 1927 -0.270 -0.178 -0.402 -0.446 -0.514 -0.253 -0.062 -0.156  0.040  0.247 -0.051 -0.873 -0.243
 1927     20     20     20     20     20     20     20     20     20     20     20     20
 1928  0.109 -0.108 -0.511 -0.290 -0.348 -0.585 -0.097 -0.126 -0.026 -0.059  0.122 -0.001 -0.160
 1928     20     20     20     20     21     20     20     20     20     20     20     20
 1929 -0.710 -1.390 -0.505 -0.720 -0.456 -0.442 -0.436 -0.168 -0.280  0.032  0.029 -0.744 -0.482
 1929     21     21     21     21     21     21     21     21     21     21     21     21
 1930 -0.355 -0.139 -0.055 -0.154 -0.322 -0.043  0.005  0.047 -0.160 -0.219  0.119 -0.099 -0.115
 1930     21     21     21     21     21     21     21     21     21     21     21     21
 1931  0.026 -0.430 -0.322 -0.409 -0.351  0.016  0.114  0.077 -0.047  0.176 -0.118  0.137 -0.094
 1931     21     21     21     22     22     22     22     22     22     22     21     21
 1932  0.930 -0.430 -0.681  0.050 -0.225 -0.197 -0.078 -0.037  0.095  0.085 -0.275 -0.147 -0.076
 1932     22     22     22     22     22     22     22     22     22     22     22     22
 1933 -0.482 -0.651 -0.557 -0.300 -0.260 -0.248 -0.052 -0.070 -0.073 -0.026 -0.381 -0.919 -0.335
 1933     22     22     23     23     23     23     23     23     23     23     23     23
 1934 -0.025  0.211 -0.418 -0.368  0.229 -0.028  0.015 -0.003 -0.136  0.040  0.229  0.142 -0.009
 1934     23     23     23     23     23     23     23     23     23     23     23     23
 1935 -0.459  0.754 -0.060 -0.588 -0.498 -0.209 -0.061 -0.040 -0.152  0.145 -0.524 -0.314 -0.167
 1935     23     23     23     23     23     23     23     23     23     23     23     23
 1936 -0.331 -0.925 -0.387 -0.327 -0.133 -0.027  0.300  0.122 -0.013  0.045  0.079  0.257 -0.112
 1936     24     24     24     24     24     24     24     24     24     24     24     24
 1937 -0.254  0.116 -0.716 -0.328 -0.034  0.096 -0.001  0.226  0.263  0.352  0.133 -0.308 -0.038
 1937     24     24     24     24     24     24     24     24     24     24     24     24
 1938  0.157  0.168  0.378  0.357  0.052 -0.037  0.082  0.114  0.282  0.476  0.351 -0.376  0.167
 1938     24     24     24     24     24     24     24     24     24     24     24     24
 1939  0.109  0.059 -0.496 -0.191  0.054  0.115 -0.031  0.066 -0.155 -0.294 -0.020  0.723 -0.005
 1939     25     25     25     25     25     25     25     25     25     25     25     25
 1940 -0.804 -0.108 -0.158  0.010 -0.169  0.163  0.123  0.022  0.164 -0.025 -0.036  0.300 -0.043
 1940     25     25     25     25     25     25     25     25     25     25     25     25
 1941 -0.219  0.101 -0.379 -0.026 -0.043  0.126  0.186  0.029 -0.205  0.212 -0.213 -0.171 -0.050
 1941     26     26     26     26     26     26     26     26     26     26     26     26
 1942  0.100 -0.428 -0.295 -0.114 -0.113  0.095 -0.106 -0.012  0.111  0.102  0.079  0.028 -0.046
 1942     27     27     27     27     27     27     26     27     27     27     27     27
 1943 -0.390  0.280 -0.262  0.172  0.055 -0.266 -0.010 -0.168  0.039  0.414 -0.007  0.291  0.012
 1943     27     27     27     27     27     27     27     27     27     27     27     27
 1944  0.736  0.307  0.042 -0.149 -0.049 -0.024  0.057  0.149  0.420  0.344 -0.054 -0.373  0.117
 1944     27     27     27     27     27     27     27     27     27     27     27     27
 1945 -0.268 -0.446 -0.200  0.210 -0.289 -0.126 -0.201  0.431  0.151  0.133 -0.131 -0.705 -0.120
 1945     27     27     27     27     27     27     27     27     27     27     27     27
 1946  0.115  0.134 -0.317  0.189 -0.095 -0.259  0.007 -0.028  0.063 -0.160  0.012 -0.587 -0.077
 1946     28     28     27     27     27     27     27     27     27     28     28     27
 1947 -0.301 -0.319  0.012  0.163 -0.032  0.063 -0.053  0.088  0.063  0.435  0.103 -0.243 -0.002
 1947     28     28     28     28     28     28     28     28     28     28     28     28
 1948  0.441 -0.083 -0.415 -0.005  0.176  0.140 -0.100 -0.048  0.020  0.153  0.045 -0.238  0.007
 1948     28     28     29     29     29     29     28     28     28     29     29     29
 1949  0.382 -0.356 -0.399 -0.109 -0.117 -0.250 -0.179 -0.048 -0.082  0.139 -0.009 -0.360 -0.116
 1949     29     29     29     29     29     29     29     29     29     29     29     29
 1950 -0.638 -0.389 -0.248 -0.311 -0.164 -0.093 -0.239 -0.299 -0.157 -0.203 -0.701 -0.332 -0.314
 1950     30     30     30     31     31     30     30     31     31     31     31     30
 1951 -0.555 -0.834 -0.442 -0.081 -0.023 -0.101 -0.048  0.125  0.206  0.156 -0.020  0.417 -0.100
 1951     34     35     35     35     35     34     35     35     35     35     35     35
 1952  0.294  0.072 -0.406 -0.030 -0.045 -0.013  0.117  0.089  0.127 -0.139 -0.549 -0.208 -0.058
 1952     35     35     35     35     35     35     35     35     35     35     35     35
 1953  0.160  0.186  0.221  0.220  0.053  0.179 -0.009  0.146  0.112  0.199 -0.136  0.257  0.132
 1953     36     35     36     36     36     36     36     36     36     36     36     36
 1954 -0.506 -0.229 -0.365 -0.206 -0.301 -0.105 -0.187 -0.061 -0.004  0.079  0.248 -0.198 -0.153
 1954     36     36     36     36     36     36     36     36     36     36     36     36
 1955  0.411 -0.131 -0.797 -0.361 -0.204 -0.104 -0.211  0.036 -0.032  0.006 -0.383 -0.497 -0.189
 1955     36     37     37     37     37     37     37     37     36     37     36     36
 1956 -0.341 -0.700 -0.578 -0.536 -0.434 -0.263 -0.292 -0.390 -0.419 -0.321 -0.478 -0.377 -0.427
 1956     37     37     37     37     37     37     37     37     37     37     37     37
 1957 -0.270 -0.230 -0.460 -0.165 -0.115  0.062 -0.181  0.036  0.061 -0.060  0.151  0.360 -0.068
 1957     37     37     37     37     37     37     37     37     37     37     37     37
 1958  0.505  0.244 -0.065  0.027  0.042 -0.081  0.019 -0.040 -0.125  0.011  0.080 -0.009  0.051
 1958     37     37     37     37     37     37     37     37     37     37     37     37
 1959  0.127  0.064  0.198  0.069 -0.127  0.127  0.047  0.025  0.054 -0.162 -0.172 -0.020  0.019
 1959     38     37     38     37     38     37     38     38     38     38     37     37
 1960  0.034  0.348 -0.717 -0.316 -0.343  0.052 -0.102 -0.019  0.040  0.017 -0.223  0.317 -0.076
 1960     37     38     37     37     37     38     38     37     38     38     38     37
 1961  0.090  0.278  0.096  0.103  0.090  0.087 -0.034 -0.013  0.051 -0.053  0.006 -0.186  0.043
 1961     38     38     38     38     38     39     38     38     38     38     38     38
 1962  0.186  0.273 -0.012  0.047 -0.089 -0.147 -0.067 -0.070 -0.016  0.124  0.083  0.048  0.030
 1962     39     39     39     38     39     39     39     39     39     39     39     39
 1963 -0.074  0.415 -0.316 -0.234 -0.181 -0.139  0.069  0.049  0.141  0.400  0.276 -0.122  0.024
 1963     39     39     39     39     39     39     39     39     39     39     39     39
 1964 -0.038 -0.287 -0.522 -0.379 -0.191 -0.247 -0.202 -0.282 -0.294 -0.410 -0.297 -0.449 -0.300
 1964     39     39     39     39     39     39     39     39     39     39     39     39
 1965 -0.067 -0.453 -0.284 -0.472 -0.233 -0.110 -0.289 -0.224 -0.205 -0.063 -0.252 -0.160 -0.234
 1965     39     39     39     39     39     39     39     39     39     39     39     39
 1966 -0.231 -0.169 -0.132 -0.297 -0.194  0.047 -0.007 -0.014 -0.026 -0.181 -0.161 -0.395 -0.147
 1966     39     39     39     39     39     39     39     39     39     39     39     39
 1967 -0.286 -0.447 -0.103 -0.080  0.115 -0.245 -0.118 -0.089 -0.132  0.348  0.015 -0.124 -0.095
 1967     39     39     39     39     39     39     39     39     39     39     39     39
 1968 -0.369 -0.257  0.360 -0.216 -0.325 -0.307 -0.221 -0.204 -0.209 -0.135 -0.260 -0.449 -0.216
 1968     39     39     39     39     39     39     39     39     39     39     39     39
 1969 -0.651 -0.745 -0.321 -0.016 -0.023 -0.099  0.038 -0.026 -0.086 -0.057  0.189  0.259 -0.128
 1969     39     39     39     39     39     39     39     39     39     39     39     39
 1970 -0.055  0.298 -0.263  0.007 -0.111  0.089 -0.008 -0.075  0.009 -0.185 -0.117 -0.329 -0.062
 1970     39     39     39     39     39     39     39     39     39     39     39     39
 1971 -0.072 -0.436 -0.484 -0.379 -0.298 -0.314 -0.168 -0.111  0.001 -0.067 -0.003 -0.089 -0.202
 1971     38     38     38     38     38     38     38     38     39     38     38     38
 1972 -0.805 -0.654 -0.294 -0.177 -0.193 -0.039 -0.080 -0.084 -0.234 -0.104 -0.285  0.073 -0.240
 1972     38     38     38     38     38     38     38     38     38     38     38     38
 1973  0.167  0.530  0.386  0.274  0.163  0.264  0.086  0.033 -0.035  0.001 -0.132 -0.064  0.139
 1973     38     38     38     38     38     38     38     38     38     38     38     38
 1974 -0.474 -0.634 -0.203 -0.157 -0.236 -0.189 -0.072 -0.118 -0.253 -0.357 -0.326 -0.351 -0.281
 1974     38     38     38     38     38     38     38     38     38     38     38     38
 1975  0.122 -0.029  0.031  0.037  0.019 -0.001 -0.016 -0.143  0.051 -0.180 -0.288 -0.283 -0.057
 1975     38     38     38     38     38     38     38     38     38     38     38     38
 1976 -0.071 -0.362 -0.747 -0.182 -0.319 -0.290 -0.312 -0.287 -0.228 -0.705 -0.453 -0.297 -0.354
 1976     38     38     38     38     38     38     38     38     38     38     38     38
 1977 -0.433  0.110  0.269  0.271  0.111  0.218  0.071  0.000  0.023 -0.052  0.397  0.030  0.085
 1977     38     38     38     38     38     38     38     38     38     38     38     38
 1978  0.048 -0.037  0.141  0.009 -0.075 -0.176 -0.082 -0.274 -0.077 -0.071  0.148 -0.168 -0.051
 1978     38     38     38     38     38     38     38     38     38     38     38     38
 1979 -0.150 -0.317  0.014 -0.266 -0.092  0.098  0.025  0.052  0.084  0.197  0.132  0.646  0.035
 1979     38     38     38     38     38     38     38     38     38     38     38     38
 1980  0.114  0.270 -0.103  0.177  0.258  0.142  0.059  0.078  0.099  0.124  0.271  0.133  0.135
 1980     38     38     38     38     38     38     38     38     38     38     38     38
 1981  0.782  0.627  0.524  0.429  0.116  0.151  0.096  0.260  0.111  0.029  0.157  0.526  0.317
 1981     37     37     37     37     37     37     37     37     37     37     37     37
 1982 -0.204  0.106 -0.256  0.065  0.021 -0.125  0.035  0.016  0.097 -0.129 -0.113  0.459 -0.002
 1982     36     36     36     36     36     36     36     37     37     37     37     37
 1983  0.755  0.500  0.373  0.143  0.148  0.113  0.253  0.342  0.398  0.215  0.579  0.148  0.331
 1983     36     37     37     37     37     37     37     37     37     37     37     37
 1984  0.170 -0.093  0.024 -0.136  0.227  0.030 -0.004  0.038 -0.138  0.083 -0.214 -0.528 -0.045
 1984     37     36     37     37     37     37     37     37     36     36     37     37
 1985  0.011 -0.308 -0.094 -0.001  0.067 -0.061 -0.135  0.118 -0.028  0.037 -0.046  0.041 -0.033
 1985     37     37     37     37     37     37     37     37     37     37     37     37
 1986  0.452  0.207  0.233  0.298  0.201  0.153 -0.044  0.022 -0.066 -0.003 -0.036  0.028  0.120
 1986     37     37     37     37     37     36     37     36     37     37     37     37
 1987  0.179  0.676 -0.122  0.185  0.167  0.207  0.368  0.188  0.305  0.237  0.106  0.531  0.252
 1987     37     37     37     37     37     37     37     37     37     37     37     37
 1988  0.641  0.261  0.414  0.331  0.369  0.429  0.345  0.325  0.389  0.378  0.109  0.509  0.375
 1988     37     37     37     37     37     36     36     37     36     37     37     36
 1989  0.150  0.459  0.415  0.244  0.178  0.155  0.216  0.219  0.218  0.308  0.062  0.320  0.245
 1989     36     36     36     36     36     36     36     36     36     36     36     36
 1990  0.390  0.527  1.186  0.619  0.413  0.436  0.286  0.356  0.195  0.491  0.589  0.419  0.492
 1990     36     36     36     36     36     36     36     36     36     36     36     36
 1991  0.522  0.533  0.255  0.599  0.330  0.583  0.455  0.368  0.388  0.363  0.259  0.106  0.397
 1991     35     34     34     34     33     34     33     34     34     34     33     33
 1992  0.730  0.561  0.432  0.071  0.155  0.047 -0.258 -0.086 -0.241 -0.222 -0.247  0.179  0.093
 1992     34     33     33     33     34     34     34     34     34     33     34     34
 1993  0.485  0.459  0.361  0.208  0.250  0.198  0.170  0.114 -0.125  0.105 -0.366  0.241  0.175
 1993     34     34     34     34     33     33     34     34     34     33     33     34
 1994  0.349 -0.184  0.333  0.428  0.397  0.444  0.274  0.279  0.342  0.514  0.515  0.419  0.343
 1994     34     34     34     34     34     34     34     34     34     35     35     34
 1995  0.890  1.252  0.511  0.528  0.364  0.536  0.427  0.616  0.486  0.691  0.587  0.211  0.592
 1995     34     34     35     35     34     35     34     35     34     35     34     34
 1996  0.195  0.458  0.136 -0.013  0.295  0.267  0.289  0.217  0.078  0.166  0.234  0.408  0.227
 1996     34     34     34     34     34     34     34     34     34     34     34     34
 1997  0.423  0.651  0.550  0.410  0.345  0.525  0.397  0.497  0.574  0.664  0.546  0.635  0.518
 1997     34     34     34     34     34     33     34     34     33     34     34     33
 1998  0.725  1.355  0.785  0.965  0.831  0.889  0.984  0.919  0.701  0.700  0.285  0.874  0.835
 1998     34     34     34     34     34     34     34     35     34     34     34     34
 1999  0.773  1.180  0.211  0.488  0.393  0.466  0.501  0.430  0.571  0.546  0.372  0.808  0.561
 1999     34     34     34     34     34     34     34     34     34     34     34     34
 2000  0.321  0.985  0.771  0.953  0.505  0.427  0.394  0.547  0.395  0.263  0.050  0.194  0.484
 2000     34     34     34     34     34     34     34     34     34     34     33     33
 2001  0.718  0.523  0.798  0.667  0.702  0.565  0.646  0.808  0.550  0.615  1.032  0.546  0.681
 2001     31     31     32     32     31     31     31     32     32     32     31     31
 2002  1.212  1.368  1.174  0.697  0.598  0.659  0.788  0.622  0.700  0.501  0.744  0.272  0.778
 2002     32     32     33     32     32     32     32     32     33     33     33     33
 2003  1.002  0.576  0.572  0.612  0.853  0.710  0.628  0.796  0.757  0.933  0.676  1.120  0.770
 2003     33     32     32     32     32     33     32     32     32     33     32     33
 2004  0.810  1.073  0.916  0.705  0.345  0.527  0.388  0.465  0.549  0.772  1.076  0.459  0.674
 2004     33     33     33     32     32     32     32     32     32     32     32     32
 2005  0.960  0.566  0.872  1.022  0.762  0.869  0.828  0.709  0.910  1.093  1.205  0.787  0.882
 2005     32     32     32     32     32     32     32     32     32     31     32     32
 2006  0.608  0.930  0.775  0.574  0.506  0.867  0.792  0.732  0.770  0.974  0.884  1.313  0.810
 2006     31     32     32     32     32     32     33     32     32     32     33     31
 2007  1.697  0.904  1.010  1.126  0.786  0.582  0.622  0.784  0.827  0.989  0.778  0.798  0.909
 2007     32     32     32     32     32     33     33     32     33     32     32     32
 2008  0.385  0.499  1.204  0.557  0.479  0.605  0.730  0.569  0.563  1.011  1.065  0.670  0.695
 2008     32     32     32     33     33     32     32     33     33     33     33     32
 2009  0.779  0.792  0.633  0.829  0.581  0.659  0.587  0.876  0.976  0.724  0.845  0.492  0.731
 2009     32     33     32     31     32     32     33     32     32     32     32     32
 2010  0.778  0.826  1.111  1.062  0.936  0.996  0.974  0.863  0.732  0.888  1.195  0.448  0.901
 2010     33     32     33     32     32     32     33     33     33     33     33     33
 2011  0.467  0.382  0.585  0.830  0.523  0.778  0.775  0.766  0.852  0.941  0.609  0.827  0.695
 2011     31     32     31     31     31     31     31     31     31     31     31     31
 2012  0.557  0.323  0.645  1.030  0.963  0.947  0.792  0.891  0.900  0.847  0.849  0.261  0.751
 2012     31     30     29     29     29     29     29     29     30     29     29     29
 2013  0.935  0.949  0.669  0.581  0.773  0.827  0.671  0.706  0.776  0.821  0.984  0.795  0.791
 2013     28     28     28     28     29     29     28     28     28     28     29     28
 2014  0.950  0.408  0.929  0.000  0.000  0.000  0.000  0.000  0.000  0.000  0.000  0.000  0.762
 2014     27     28     28      0      0      0      0      0      0      0      0      0
