0 15.702
1 14.943
2 13.602
3 14.717
4 18.747
5 18.724
6 10.911
7 10.835
8 13.343
9 13.726
10 16.221
11 13.437
12 10.566
13 11.663
14 12.109
15 16.192
16 16.788
17 19.137
18 15.477
19 18.56
20 13.037
21 13.38
22 10.871
23 12.836
24 14.884
25 15.75
26 17.592
27 17.458
28 12.073
29 10.076
30 8.9211
31 11.102
32 13.143
33 15.597
34 16.383
35 10.283
36 12.171
37 15.796
38 10.994
39 8.029
40 11.9
41 15.841
42 8.3565
43 6.654
44 7.41
45 9.66
46 13.6
47 15.87
48 4.562
49 2.603
50 2.593
51 4.711
52 4.433
53 -0.773
54 4.352
55 13.17
56 2.101
57 -1.161
58 1.217
59 4.107
60 0.918
61 0.456
62 1.369
63 4.569
64 3.931
65 5.05
66 1.853
67 1.92
68 -0.01
69 -3.087
70 0.548
71 4.23
72 9.01
73 -2.437
74 -5.779
75 4.047
76 1.659
77 2.078
78 4.36
79 0.249
80 3.008
81 0.211
82 -3.475
83 -3.362
84 -8.02
85 -9.21
86 -8.95
87 -9.85
88 -7.04
89 -0.286
90 0.7
91 -0.888
92 -3.284
93 -7.6
94 -8.96
95 -6.42
96 -2.214
97 -1.471
98 -2.875
99 -2.997
100 -3.582
101 -4.787
102 -4.644
103 -3.446
104 -3.173
105 -0.394
106 -0.485
107 -6.741
108 -10.85
109 -13.11
110 -10.99
111 -16.92
112 -15.37
113 -13.04
114 -9.78
115 -7.39
116 -11.39
117 -7.26
118 -1.384
119 0.114
120 -1.961
121 -10.61
122 -0.019
123 3.811
124 8.67
125 -5.272
126 -5.778
127 -1.894
128 0.5
129 5.981
130 -3.352
131 -2.159
132 6.49
133 -2.622
134 -3.62
135 0.953
136 -7.25
137 -10.1
138 -5.762
139 -11.03
140 -14.95
141 -14.24
142 -10.15
143 -5.383
144 0.308
145 3.692
146 2.728
147 4.069
148 -6.812
149 -10
150 -4.576
151 -4.334
152 -7.54
153 -5.222
154 -6.335
155 -5.112
156 6.608
157 6.357
158 4.817
159 5.206
160 7.69
161 10.06
162 6.105
163 3.112
164 6.326
165 -4.012
166 -3.628
167 -1.909
168 -3.005
169 -4.905
170 3.185
171 -0.121
172 -8.38
173 -9.08
174 -11.13
175 -7.45
176 -4.795
177 -1.429
178 1.619
179 6.785
472 -12.42
473 -1.969
474 3.891
475 3.957
476 8.95
477 4.245
478 -1.897
479 -2.869
480 -5.038
481 -0.141
482 -3.928
483 -7.035
484 -4.658
485 -3.979
486 -3.395
487 1.294
488 -11.37
489 -13.22
490 -12.64
491 -4.122
492 -3.056
493 3.369
494 4.704
495 -5.277
496 3.98
497 -3.526
498 -6.332
499 0.941
500 -6.281
501 -6.766
502 -1.653
503 3.155
504 1.286
505 2.014
506 -1.144
507 3.245
508 1.781
509 -1.157
510 -2.889
511 -4.764
512 -4.212
513 -3.028
514 -0.501
515 -5.082
516 -1.832
517 2.777
518 -1.994
519 -5.446
520 5.384
521 11.76
522 4.679
523 9.54
524 12.13
525 2.075
526 1.554
527 -4.905
528 4.678
529 13.76
530 4.882
531 2.884
532 8.75
533 1.383
534 0.193
535 2.831
536 3.212
537 -0.847
538 1.762
539 -2.354
540 3.032
541 3.366
542 0.322
543 -2.273
544 -1.048
545 1.099
546 -4.046
547 0.774
548 4.105
549 0.765
550 2.099
551 3.96
552 5.148
553 -2.267
554 -0.878
555 2.5
556 6.792
557 9.21
558 10.64
559 10.18
560 12.31
561 3.159
562 2.436
563 5.414
564 6.403
565 10.64
566 9.5
567 12.07
568 16.11
569 6.647
570 -0.429
571 4.327
572 4.721
573 6.669
574 11.51
575 6.79
576 6.009
577 10.16
578 9.72
579 2.788
580 4.874
581 7.112
582 6.78
583 9.49
584 10.98
585 9.26
586 10.18
587 11.23
588 11.49
589 10
590 12.28
591 15.11
592 15.18
593 12.17
594 12.58
595 11.04
596 12.14
597 11.42
598 7.316
599 11.24
600 11.52
601 10.72
602 12.3
603 17.83
604 12.08
605 14.83
606 17.51
607 10.78
608 10.5
609 12.97
610 17.33
611 15.4
612 10.64
613 11.24
614 13.57
615 16.13
616 15.07
617 14.49
618 11.89
619 15.16
620 15.76
621 15.13
622 19.26
623 18.08
624 13.62
625 12.55
626 14.53
627 15.78
628 15.26
629 13.41
630 15.96
631 18.5
632 21.67
633 23.23
634 23.12
635 21.03
636 19.18
637 17.01
638 17.35
639 17.33
640 18.41
641 21.38
642 21.61
643 26.73
644 26.07
645 22.25
646 20.98
647 26.52
648 21.25
649 20.68
650 21.86
651 24.02
652 23.67
653 22.72
654 20.66
655 24.21
656 23.07
657 19.89
658 20.99
659 20.88
660 21.88
661 22.35
662 19.61
663 20.19
664 21.5
665 23.62
666 25.33
667 26.44
668 26
669 25.7
670 24.76
671 20.5
672 18.08
673 20.77
674 19.87
675 19.24
676 15.94
677 18.83
678 21.24
679 24.86
680 23.33
681 20.18
682 18.49
683 21.1
684 22.03
685 24.13
686 22.98
687 19.25
688 18.1
689 17.79
690 18.52
691 18.27
692 23.25
693 25.42
694 25.11
695 23.62
696 22.59
697 21.5
698 21.41
699 25.14
700 23.86
701 18.3
702 16.8
703 15.55
704 16.02
705 17.92
706 17.77
707 17.59
708 18.81
709 20.06
710 21.44
711 19.09
712 19
713 18.82
714 20.48
715 21.84
716 22.85
717 18.13
718 13.18
719 15.03
720 17.71
721 18.55
722 17.87
723 15.92
724 17.34
725 19.26
726 19.55
727 17.94
728 18.2
729 17.27
730 18.91
731 18.08
732 19.56
733 18.48
734 20.19
735 10.42
736 11.32
737 14.56
738 9.93
739 13.1
740 14.78
741 10.68
742 13
749 17.1
750 18.28
751 14.95
752 15.34
753 18.22
754 20.42
755 10.29
756 9.99
757 13.94
758 16.24
759 10.84
760 9.76
761 5.956
762 7.451
763 6.227
764 8.64
765 6.582
766 4.953
767 3.921
768 7.529
769 6.045
770 4.37
771 9.2
772 4.357
773 5.813
774 7.734
775 8.75
776 14.78
777 12.92
778 9.89
779 9.29
780 6.084
781 5.69
782 8.72
783 6.438
784 7.105
785 6.315
786 3.316
787 0.777
788 -0.266
789 -2.015
790 -1.287
791 -0.487
792 0.109
793 -1.21
794 -0.435
795 1.101
796 2.05
797 1.597
798 1.306
799 0.501
800 -0.897
801 6.231
802 4.196
803 2.615
804 3.631
805 1.163
806 2.15
807 0.837
808 2.218
809 5.042
810 2.404
811 -0.154
812 1.131
813 1.651
814 -1.937
815 -1.234
816 -1.778
817 -0.238
818 0.361
819 -0.46
820 -1.319
821 2.968
822 2.03
823 -1.409
824 5.776
825 3.043
826 -3.009
827 -5.739
828 -0.628
829 0.144
830 3.387
831 5.858
832 0.954
833 -1.474
834 -0.733
835 0.508
836 -5.9
837 -7.446
838 2.338
839 9.37
840 6.702
841 4.887
842 9.72
843 8.32
844 12.78
845 11.22
846 4.368
847 2.714
848 -1.457
849 3.5
850 -4.317
851 -4.389
852 -1.227
853 -2.885
854 -1.313
855 -0.891
856 -1.761
857 -3.119
858 -4.058
859 -1.098
860 1.669
861 -0.617
862 -1.483
863 -4.405
864 -0.655
865 0.598
866 1.519
867 -0.002
868 -1.462
869 1.797
870 3.227
871 0.624
872 -0.956
873 -1.906
874 -2.582
875 -2.409
876 -0.788
877 1.048
878 3.442
879 8.18
880 2.208
881 -4.364
882 -7.982
883 -3.769
884 1.929
885 4.919
886 4.906
887 5.729
888 4.579
889 4.257
890 2.118
891 0.43
892 4.635
893 6.868
894 3.835
895 6.517
896 5.904
897 8.01
898 5.407
899 3.793
900 2.653
901 2.569
902 6.139
903 3.597
904 9.07
905 3.869
906 -5.122
907 -6.449
908 -2.997
909 1.489
910 0.804
911 -1.616
912 0.616
913 2
914 2.746
915 6.017
916 0.505
917 -1.095
918 0.908
919 1.042
920 2.411
921 7.998
922 16.94
923 22.07
924 20.16
925 19.31
926 24.67
927 16.22
928 12.54
929 7.929
930 4.161
931 6.055
932 7.914
933 9.31
934 8.64
935 6.363
936 6.067
937 6.387
938 8.7
939 10.02
940 11.79
941 10.12
942 11.06
943 15.17
944 11.4
945 9.67
946 9.32
947 10.89
948 12.28
949 9.65
950 13.31
951 11.54
952 5.762
953 6.223
954 8.08
955 13.56
956 17.67
957 15.79
958 15.72
959 15.14
960 15.17
961 15.12
962 15.5
963 16
964 13.8
965 14.06
966 12.85
967 11.73
968 14.13
969 12.74
970 14.7
971 18.64
972 21.39
973 16.07
974 18.92
975 21.44
976 19.93
977 18.14
978 13.27
979 14.99
980 18.36
981 16.34
982 18.36
983 18.48
984 21.55
985 23.13
986 21.41
987 21.22
988 16.82
989 15.92
990 14.25
991 12.87
992 14.32
993 15.04
994 12.15
995 13.86
996 15.83
997 17.14
998 16.95
999 16.98
1000 17.97
1001 18.45
1002 18.64
1003 22.48
1004 20.61
1005 21.72
1006 22.49
1007 23.42
1008 23.56
1009 21.75
1010 21.46
1011 24.55
1012 25.19
1013 27.56
1014 23.04
1015 21.86
1016 21.43
1017 21.06
1018 19.45
1019 20.81
1020 21.36
1021 21.83
1022 20.58
1023 20.05
1024 20.55
1025 17.48
1026 20.81
1027 21.13
1028 20.21
1029 20.62
1030 22.15
1031 25.18
1032 25.12
1033 26.12
1034 24.52
1035 23.39
1036 22.28
1037 24.56
1038 25.07
1039 27.4
1040 24.89
1041 22.07
1042 19.19
1043 20.08
1044 22.45
1045 24.94
1046 24.87
1047 22.89
1048 20.55
1049 18.51
1050 20.72
1051 22.16
1052 22.14
1053 23.25
1054 23.78
1055 22.71
1056 22.76
1057 24.45
1058 23.95
1059 23.63
1060 21.52
1061 21.11
1062 21.51
1063 23.63
1064 24.77
1065 22.07
1066 21.97
1067 16.21
1068 17.06
1069 20.9
1070 22.4
1071 23.97
1072 28.09
1073 26.14
1074 23.48
1075 22.61
1076 22.25
1077 22.37
1078 23.1
1079 20.56
1080 19.17
1081 17.96
1082 17.72
1083 18.93
1084 18.54
1085 23.46
1086 20.92
1087 15.23
1088 14.02
1089 15.28
1090 17.07
1091 21.13
1092 19.97
1093 21.43
1094 23.53
1095 21.83
1096 18.36
1097 17.56
1098 19.44
1099 21.14
1100 23.58
1101 18.64
1102 11.39
1103 11.32
1104 14.56
1105 19.51
1106 24.06
1107 17.21
1108 13.23
1109 17.24
1110 16.24
1111 11.02
1112 10.69
1113 9.92
1114 10.18
1115 9.13
1116 12.34
1117 17.13
1118 13.5
1119 13.3
1120 15.41
1121 13.58
1122 14.22
1123 13.53
1124 11.05
1125 9.77
1126 11.46
1127 17.26
1128 15.25
1129 10.69
1130 8.96
1131 5.589
1132 9.6
1133 15.42
1134 13.81
1135 10.76
1136 11.28
1137 12.15
1138 8.58
1139 7.697
1140 6.995
1141 8.12
1142 7.125
1143 3.523
1144 1.724
1145 2.207
1146 1.798
1147 4.252
1148 5.168
1149 5.456
1150 5.014
1151 12.47
1152 7.053
1153 6.131
1154 7.389
1155 9.88
1156 6.861
1157 6.26
1158 2.389
1159 3.861
1160 8.32
1161 5.075
1162 2.391
1163 8.72
1164 9.71
1165 3.164
1166 7.65
1167 5.383
1168 7.322
1169 6.678
1170 9.49
1171 9.91
1172 11.14
1173 14.2
1174 15.08
1175 6.827
1176 11.58
1177 16.23
1178 5.382
1179 2.51
1180 3.136
1181 3.101
1182 2.078
1183 1.63
1184 0.438
1185 3.282
1186 5.077
1187 3.622
1188 -1.16
1189 2.993
1190 5.817
1191 7.233
1192 4.647
1193 -6.989
1194 -3.788
1195 -4.981
1196 -4.152
1197 -1.462
1198 2.088
1199 -0.704
1200 -5.491
1201 -7.62
1202 -7.856
1203 -11.2
1204 0.043
1205 -4.912
1206 -8.25
1207 -7.442
1208 -4.096
1209 -7.491
1210 0.159
1211 -5.76
1212 -7.128
1213 -0.51
1214 -3.086
1215 -16.7
1217 -0.212
1218 3.097
1219 5.627
1220 3.799
1221 -0.064
1222 -1.215
1223 1.695
1224 5.231
1225 10.21
1226 0.683
1235 -0.103
1236 3.112
1238 -0.226
1239 0.345
1240 -2.691
1241 -0.239
1242 4.17
1243 3.08
1244 6.476
1245 -1.327
1246 -5.881
1247 -3.281
1248 3.235
1249 3.646
1250 2.42
1251 -0.44
1252 -0.99
1253 -2.455
1254 -8.26
1255 -8.33
1256 -4.486
1257 -3.435
1258 1.07
1259 1.027
1260 2.65
1261 3.796
1262 2.21
1263 6.172
1264 2.879
1265 -0.288
1266 -0.904
1267 -5.655
1268 -6.756
1269 -4.959
1270 -2.715
1271 -2.03
1272 -2.395
1273 -0.283
1274 0.624
1275 0.856
1276 3.916
1277 8.87
1278 11.34
1279 3.787
1280 3.005
1281 3.557
1282 5.063
1283 5.32
1284 7.776
1285 4.036
1286 2.379
1287 6.541
1288 5.965
1289 10.91
1290 9.17
1291 13.29
1292 14.56
1293 12.93
1294 11.32
1295 9.29
1296 5.826
1297 8.83
1298 13.37
1299 17.37
1300 6.684
1301 7.937
1302 2.961
1334 14.26
1335 13.05
1336 14.24
1337 13.79
1338 14.8
1339 16.16
1340 16.91
1341 14.83
1342 14.75
1343 18.19
1344 15.5
1345 15.99
1346 14.92
1347 15.49
1348 15.68
1349 17.76
1350 20.58
1351 20.6
1352 22.66
1353 24.28
1354 24.58
1355 22.57
1356 17.62
1357 17.88
1358 21.11
1359 26.97
1360 26.21
1361 21.3
1362 18.4
1363 18.02
1364 18.98
1365 22.5
1366 22.24
1367 19.97
1368 16.81
1369 14.41
1370 16.21
1371 18.13
1372 18.73
1373 17.27
1374 20.29
1375 22.92
1376 24.26
1377 23.43
1378 25.96
1379 25.34
1380 28.16
1381 25.93
1382 21.18
1383 23.19
1384 25.39
1385 26.03
1386 27.25
1387 29.39
1388 30.05
1456 17.54
1457 18.42
1458 19.21
1459 19.34
1460 14.66
1461 15.51
1462 15.55
1463 15.34
1464 18.06
1465 14.15
1466 10.39
1467 14.95
1468 18.21
1469 16.37
1470 13.27
1471 17.11
1472 20.38
1473 20.3
1474 15.4
1475 13.46
1476 14.61
1477 15.2
1478 9.85
1479 7.28
1480 8.08
1481 3.934
1482 8.04
1483 15.11
1484 16.31
1485 15.35
1486 10.16
1487 14.94
1488 9.28
1489 6.977
1490 12.28
1491 15.83
1492 11.02
1493 6.121
1494 8.52
1495 7.299
1496 10.29
1497 8.42
1498 8.08
1499 8.89
1500 11.74
1501 7.118
1502 5.169
1503 10.27
1504 11.51
1505 16.64
1506 12.93
1507 15.47
1508 9.18
1509 6.203
1510 11.22
1511 13.3
1512 4.938
1513 2.022
1514 11.18
1515 18.8
1516 2.96
1517 2.674
1518 7.702
1519 8.18
1520 3.818
1521 0.778
1522 0.88
1523 1.959
1524 9.41
1525 12.5
1526 8.39
1527 11.24
1528 13.6
1529 16.06
1530 8.54
1531 12.03
1532 10.69
1533 6.229
1534 2.165
1535 -1.311
1536 -4.025
1565 3.061
1566 -1.049
1567 -0.623
1568 6.69
1569 13.53
1570 12.16
1571 -0.237
1572 -2.76
1573 1.357
1574 -1
1575 4.874
1576 6.367
1577 7.094
1578 2.892
1579 -3.895
1580 -10.53
1581 -9.12
1582 -0.551
1583 -13.72
1584 -15.51
1585 -11.66
1586 -7.133
1587 -11.21
1588 -12.89
1589 -9.16
1590 -2.574
1591 -5.608
1592 -6.138
1593 -11.47
1594 -10.94
1595 -10.49
1596 -7.889
1597 -1.5
1598 -1.884
1605 -8.75
1606 -1.738
1607 1.397
1608 2.524
1609 -6.07
1610 -4.418
1611 3.744
1612 0.128
1613 2.086
1614 -3.742
1615 -4.936
1616 -2.831
1617 -0.536
1618 -0.26
1619 2.53
1620 4.376
1621 5.969
1622 3.516
1623 2.498
1624 6.156
1625 6.007
1626 4.221
1627 3.425
1628 3.599
1629 2.526
1630 3.291
1631 5.532
1632 4.283
1633 7.62
1634 10.28
1635 12.55
1636 6.886
1637 1.644
1638 2.71
1639 0.986
1640 5.194
1641 8.91
1642 11.98
1643 -1.871
1644 -3.802
1645 0.26
1646 4.082
1647 4.488
1648 5.448
1649 8.01
1650 9.85
1651 11.98
1652 11.19
1653 8.56
1654 9.91
1655 7.736
1656 7.162
1657 4.89
1658 8.42
1659 13.54
1660 15.87
1661 14.5
1662 4.236
1663 10.21
1664 11.78
1665 14.77
1666 1.42
1667 4.248
1668 2.448
1669 4.574
1670 4.106
1671 7.83
1672 12.98
1673 14.95
1674 5.553
1675 4.635
1676 8.65
1677 12.27
1678 8.02
1679 5.813
1680 6.061
1681 11.88
1682 9.55
1683 5.648
1684 6.434
1685 9.4
1686 11.24
1687 11.53
1688 11.99
1689 13.35
1690 12.69
1691 15.17
1692 20.86
1693 22.65
1694 23.9
1695 23.75
1696 26.94
1697 13.68
1698 15.57
1699 13.21
1700 16.95
1701 15.31
1702 11.34
1703 12.68
1704 15.77
1705 18.13
1706 9.34
1707 7.801
1708 11.06
1709 12.56
1710 13.58
1711 17.32
1712 17.67
1713 16.36
1714 16.1
1715 14.26
1716 14.37
1717 12.93
1718 15.17
1719 22.01
1721 17.04
1722 15.63
1723 12.23
1724 10.54
1725 14.47
1726 18.75
1727 23.57
1728 26.37
1729 26.23
1730 16.41
1731 12.81
1732 12.93
1733 17.89
1734 24.24
1735 24.87
1736 16.41
1737 17.6
1738 19.69
1739 23.19
1740 24.18
1741 21.29
1742 21.96
1743 25.72
1744 25.68
1745 22.5
1746 20.74
1747 18.99
1748 18.77
1749 19.94
1750 22.43
1751 22.26
1752 23.92
1753 21.39
1754 17.28
1755 16.91
1756 17.4
1757 20.28
1758 24.42
1759 20.13
1760 19.74
1761 21.39
1762 21.46
1763 19.28
1764 21.13
1765 21.51
1766 23.39
1767 15.76
1768 18.48
1769 19.18
1770 19.04
1771 18.65
1772 19.07
1773 20.77
1774 18.15
1775 18.07
1776 20.04
1777 20.36
1778 20.02
1779 21.15
1780 20.77
1781 24.6
1782 23.37
1783 20.6
1784 19.17
1785 19.35
1786 25.27
1787 24.7
1788 25.93
1789 22.38
1790 19.95
1791 18.62
1792 18.74
1793 18.34
1794 20.67
1795 21.86
1796 17.75
1797 15.03
1798 17.25
1799 15.19
1800 15.07
1801 17.58
1802 18.65
1803 20.74
1804 18.68
1805 19.22
1806 21.82
1807 21.15
1808 20.99
1809 19.95
1810 23.98
1811 23.61
1812 23.71
1813 22.77
1814 19.97
1815 12.47
1816 12.56
1817 14.87
1818 18.93
1819 20.87
1820 21.6
1821 20.96
1822 22.98
1823 19.69
1824 17.85
1825 17.03
1826 12.33
1827 14.89
1828 17.47
1829 17.35
1830 21.06
1831 19.46
1832 13.7
1833 15
1834 17.29
1835 10.83
1836 8.52
1837 11
1838 9.45
1839 6.206
1840 10.22
1841 12.91
1842 12.37
1843 16.21
1844 14.16
1845 12.5
1846 14.21
1847 9.86
1848 5.36
1849 2.911
1850 4.313
1851 11.14
1852 10.66
1853 12.61
1854 16.03
1855 17.22
1921 -2.829
1922 -4.677
1923 -3.38
1924 -7.875
1925 -5.351
1926 -8.79
1927 -7.599
1928 -4.346
1929 -7.459
1930 -8.15
1931 -6.217
1932 -4.866
1933 -6.484
1934 -11.27
1935 -6.471
1936 -3.176
1937 -5.068
1938 -2.527
1939 -2.819
1940 -1.522
1941 -3.014
1942 -5.612
1943 -1.135
1944 -4.053
1945 -5.948
1955 -7.113
1956 -3.94
1957 -2.258
1958 -7.288
1959 -1.302
1960 -2.916
1961 -4.399
1962 3.411
1963 4.285
1964 3.588
1965 0.982
1966 -4.904
1967 -5.287
1968 -1.678
1969 2.821
1970 1.394
1971 -1.035
1972 3.213
1973 4.861
1974 -5.959
1975 -7.004
1976 0.147
1977 1.703
1978 2.797
1979 -1.104
1980 -2.415
1981 -5.5
1982 -0.9
1983 4.962
1984 0.554
1985 -8.59
1986 -3.076
1987 -3.306
1988 1.136
1989 2.424
1990 0.806
1991 -3.453
1992 -3.164
1993 -0.872
1994 0.357
1995 -2.739
1996 -3.83
1997 -2.329
1998 -0.85
2024 4.734
2025 4.072
2026 4.328
2027 6.74
2028 6.246
2029 7.097
2030 5.002
2031 13.03
2032 10.32
2033 8.52
2034 9.99
2035 14.8
2036 11.18
2037 11.06
2047 9.71
2048 10.25
2049 12.39
2050 9.93
2051 9.22
2052 15.53
2053 21.05
2054 23.72
2055 23.41
2056 24.41
2057 17.1
2058 12.22
2059 13.71
2060 12.83
2061 15.71
2062 18.07
2063 21.47
2064 20.28
2065 12.98
2066 12
2067 13.01
2068 11.87
2069 12.91
2070 12.95
2071 18.6
2072 15.83
2073 13.6
2074 15.34
2075 15.21
2076 16.08
2077 12.78
2078 13.98
2079 16.33
2080 16.29
2081 16.42
2082 11.94
2083 12.53
2084 12.63
2085 16.25
2086 17.08
2087 15.7
2088 16.61
2089 18.01
2090 17.31
2091 17.85
2092 17.62
2093 18.49
2094 18.61
2095 21.12
2096 23.41
2097 23.37
2098 23.83
2099 23.99
2100 19.71
2101 21.14
2102 23.74
2103 24.21
2104 18.08
2105 21.55
2106 20.85
2107 18.85
2108 20.35
2109 25.75
2110 23.88
2111 24.09
2112 23.97
2113 26.82
2114 22.94
2115 15.81
2116 17.81
2117 21.56
2118 21.32
2119 16.98
2120 19.64
2121 20.42
2122 23.26
2123 22.78
2124 19.79
2125 18.84
2126 17.46
2127 18.79
2128 19.19
2129 21.23
2130 20.47
2131 22.06
2132 20.61
2133 20.39
2134 22.49
2135 23.85
2136 25.97
2137 29.02
2138 28.92
2139 18.42
2140 17.27
2141 19.08
2142 19.37
2143 22.72
2144 24.503
2145 23.976
2146 26.932
2147 25.155
2148 22.357
2149 24.031
2150 27.41
2151 27.876
2152 27.762
2153 29.434
2154 28.239
2155 22.577
2156 22.352
2157 23.487
2158 22.142
2159 22.374
2160 23.25
2161 24.738
2162 23.444
2163 23.297
2164 22.958
2165 22.248
2166 22.564
2167 19.413
2168 20.921
2169 19.982
2170 21.096
2171 22.934
2172 21.523
2173 20.006
2174 20.194
2175 24.261
2176 20.497
2177 16.119
2178 18.779
2179 21.136
2180 17.738
2181 17.285
2182 21.011
2183 22.652
2184 23.819
2185 21.775
2186 17.98
2187 17.497
2188 20.239
2189 12.499
2190 11.816
2191 12.761
2192 14.935
2193 15.449
2194 17.932
2195 19.159
2196 20.694
2197 19.219
2198 17.708
2199 20.132
2200 18.365
2201 11.641
2202 12.759
2203 11.786
2204 11.974
2205 10.748
2206 10.06
2207 13.52
2208 18.119
2209 21.585
2210 19.992
2211 14.227
2212 7.1104
2213 5.1737
2214 7.1064
2215 12.962
2216 14.497
2217 15.631
2218 18.081
2219 15.563
2220 14.324
2221 11.843
2222 9.8903
2223 6.9875
2224 8.3999
2225 11.883
2226 14.665
2227 14.679
2228 15.248
2229 19.537
2230 18.644
2231 9.9859
2232 6.6613
2233 3.5954
2234 5.1795
2235 7.4482
2236 4.2809
2237 12.22
2238 17.349
2239 14.871
2240 9.4499
2241 6.2021
2242 6.552
2243 10.167
2244 7.0661
2245 6.8533
2246 5.7123
2247 4.8803
2248 1.7459
2249 2.9155
2250 9.0605
2251 13.961
2252 14.654
2253 3.7311
2254 7.1648
2255 10.398
2256 6.2983
2257 1.9534
2258 3.9624
2259 5.5412
2260 10.499
2261 14.825
2262 9.6862
2263 7.8589
2264 11.522
2265 6.5703
2266 14.119
2267 13.653
2268 5.2017
2269 4.2065
2270 8.2328
2271 13.172
2272 15.767
2273 8.7648
2274 1.3311
2275 -0.397
2276 -0.6596
2277 2.2053
2278 2.4637
2279 6.5024
2280 8.8507
2281 4.3207
2282 -1.2732
2283 1.4293
2284 4.5551
2285 4.9169
2286 3.8278
2287 1.7963
2288 -1.8826
2289 0.179
2290 2.7099
2291 -1.4118
2292 -2.6209
2293 -3.8202
2294 -1.2719
2295 -1.5735
2296 -4.181
2297 -5.1149
2298 -4.4259
2299 -3.79
2300 -4.4908
2301 -3.1146
2302 1.306
2303 0.1723
2304 -1.5855
2305 -4.6763
2306 1.5044
2307 5.191
2308 2.6385
2309 3.1044
2310 2.6744
2311 1.6146
2312 2.2849
2313 1.2644
2314 1.8014
2315 -1.461
2316 -4.8274
2317 -3.4433
2318 -0.7366
2319 2.1902
2320 5.7095
2321 5.0696
2322 3.5599
2323 6.1303
2324 6.2399
2325 8.3356
2326 10.879
2327 5.1161
2328 -0.6294
2329 3.0114
2330 -1.821
2331 -1.222
2332 -0.2567
2333 -4.7265
2334 0.3656
2335 2.6042
2336 3.4508
2337 -0.5161
2338 4.6551
2339 0.6995
2340 -0.6151
2341 -1.2604
2342 -2.9508
2343 3.3149
2344 6.7558
2345 2.8371
2346 -0.8567
2347 0.9574
2348 7.8027
2349 11.061
2350 5.6329
2351 1.0347
2352 0.6323
2353 5.009
2354 8.6484
2355 1.798
2356 -2.4949
2357 -0.0839
2358 2.0717
2359 11.752
2360 -1.2632
2361 -4.1646
2362 5.2315
2363 5.6268
2364 5.5129
2365 12.613
2366 3.4912
2367 -1.4885
2368 2.8589
2369 1.9955
2370 8.2383
2371 11
2372 8.062
2373 0.9275
2374 0.7819
2375 2.5527
2376 1.8222
2377 4.9178
2378 -4.1134
2379 1.9964
2380 6.1906
2381 1.3821
2382 0.9117
2383 5.5497
2384 4.4243
2385 7.3423
2386 13.199
2387 11.568
2388 8.3131
2389 7.6704
2390 12.258
2391 3.6364
2392 0.4554
2393 0.8891
2394 2.4292
2395 9.0531
2396 17.192
2397 11.244
2398 9.1145
2399 9.2494
2400 17.646
2401 17.892
2402 20.071
2403 23.179
2404 25.386
2405 24.765
2406 22.056
2407 13.56
2408 8.97
2409 5.6225
2410 5.4316
2411 8.2148
2412 6.5587
2413 6.438
2414 7.9915
2415 8.9703
2416 7.3028
2417 6.9669
2418 9.916
2419 9.8543
2420 10.01
2421 12.002
2422 15.817
2423 17.258
2424 19.275
2425 15.934
2426 10.295
2427 16.58
2428 13.305
2429 11.174
2430 9.6007
2431 9.5256
2432 11.897
2433 17.8
2434 18.454
2435 6.2037
2436 7.2138
2437 6.448
2438 7.4458
2439 11.209
2440 15.655
2441 19.126
2442 14.324
2443 15.396
2444 18.716
2445 18.145
2446 19.195
2447 21.309
2448 22.164
2449 20.76
2450 18.638
2451 15.285
2452 16.539
2453 23.056
2454 16.647
2455 15.973
2456 16.104
2457 20.527
2458 20.515
2459 25.455
2460 23.442
2461 15.617
2462 14.339
2463 13.742
2464 17.844
2465 17.985
2466 18.487
2467 19.798
2468 20.641
2469 21.755
2470 23.67
2471 25.836
2472 25.142
2473 23.744
2474 24.481
2475 25.902
2476 23.107
2477 21.635
2478 23.222
2479 26.173
2480 28.023
2481 28.212
2482 27.782
2483 22.034
2484 19.859
2485 21.704
2486 24.037
2487 24.719
2488 20.676
2489 16.96
2490 19.546
2491 22.257
2492 22.135
2494 23.134
2495 24.241
2496 27.113
2497 23.142
2498 22.528
2499 23.644
2500 26.548
2501 25.716
2502 20.752
2503 20.309
2504 18.087
2505 20.777
2506 23.508
2507 27.243
2508 26.967
2509 24.94
2510 25.169
2511 24.397
2512 24.749
2513 25.993
2514 25.306
2515 19.949
2516 17.97
2517 18.759
2518 19.682
2519 23.785
2520 25.449
2521 26.848
2522 27.836
2523 27.694
2524 27.182
2525 25.91
2526 26.681
2527 27.758
2528 25.395
2529 20.543
2530 21.159
2531 23.021
2532 21.297
2533 16.625
2534 19.363
2535 19.56
2536 20.813
2537 18.393
2538 14.348
2539 16.43
2540 17.379
2541 15.411
2542 17.469
2543 20.56
2544 22.238
2545 18.539
2546 16.235
2547 17.735
2548 20.349
2549 21.679
2550 23.615
2551 18.851
2552 14.097
2553 17.752
2554 21.602
2555 22.411
2556 21.133
2557 17.685
2558 17.283
2559 18.883
2560 21.249
2561 22.815
2562 23.09
2563 17.868
2564 14.594
2565 15.211
2566 13.814
2567 16.401
2568 17.482
2569 12.833
2570 16.144
2571 19.944
2572 22.752
2573 18.473
2574 14.893
2575 20.896
2576 13.162
2577 15.822
2578 9.2585
2579 11.465
2580 13.791
2581 12.578
2582 13.3
2583 13.027
2584 7.1331
2585 6.4331
2586 8.6912
2587 10.319
2588 7.4415
2589 11.457
2590 8.9265
2591 6.1135
2592 5.0011
2593 4.1747
2594 2.8538
2595 6.5433
2596 8.651
2597 7.9673
2598 5.599
2599 2.3079
2600 2.8693
2601 2.7846
2602 3.2562
2603 1.6333
2604 3.0329
2605 4.8754
2606 5.3471
2607 5.7763
2608 3.3193
2609 8.9629
2610 9.8155
2611 15.549
2612 17.444
2613 9.0337
2615 8.1594
2616 11.27
2617 1.5438
2621 4.4758
2622 5.3075
2624 4.57
2625 4.6966
2626 5.2907
2627 2.6701
2629 -2.7342
2630 0.387
2631 3.491
2633 -4.174
2637 -4.6502
2638 -3.164
2639 -0.2223
2640 -9.3166
2641 -6.0889
2642 -3.2652
2643 1.3786
2644 -0.2176
2645 2.4907
2646 3.442
2647 -0.0801
2648 -6.1234
2649 -6.7325
2650 0.7012
2651 7.4715
2652 3.4568
2653 6.3574
2654 3.1683
2655 0.6686
2656 -1.265
2657 -1.7169
2658 -1.7064
2659 -1.2641
2660 1.0841
2661 -1.103
2662 2.4293
2663 1.6069
2664 -4.5778
2665 -4.2597
2666 -1.4577
2667 -2.1939
2679 -7.6591
2680 -15.031
2681 -9.5073
2682 -5.7125
2683 -10.177
2684 -12.085
2685 -12.815
2686 -10.555
2687 -5.7535
2688 -3.0704
2689 -11.936
2690 -11.435
2691 -4.5448
2692 -6.508
2693 -2.849
2694 -0.5911
2695 2.3699
2696 2.764
2697 3.8482
2698 -2.8216
2699 -4.9149
2700 -4.0869
2701 -6.695
2702 -2.8145
2703 -0.5921
2704 -7.9975
2705 -6.1744
2706 -9.7122
2707 -8.9996
2708 -10.184
2709 -15.385
2710 -11.797
2711 -4.7199
2712 -1.2369
2713 2.2859
2714 2.7441
2715 2.1688
2716 1.0337
2717 -4.5074
2718 -5.7713
2719 -9.8328
2720 -5.0956
2721 -1.94
2722 1.3381
2723 2.6435
2724 -9.5986
2725 -5.9209
2726 3.0465
2727 -4.812
2728 -8.8405
2729 0.6728
2730 1.6193
2731 -7.8013
2732 -3.5737
2733 2.5316
2734 -0.7236
2735 -3.9407
2736 3.7629
2737 6.781
2738 7.5318
2739 7.0164
2740 2.1813
2741 2.1968
2742 9.1116
2743 11.132
2744 7.3622
2745 7.2805
2746 9.3908
2747 8.9354
2748 7.7984
2749 9.845
2750 13.496
2751 2.7333
2752 0.5815
2753 -0.7361
2754 4.6146
2755 3.8668
2756 0.9795
2757 0.6873
2758 1.508
2759 -1.2955
2760 -0.4601
2761 1.0916
2762 6.3018
2763 3.941
2764 10.703
2765 7.3524
2766 8.8151
2767 25.312
2768 19.266
2769 3.7218
2770 4.8729
2771 10.169
2772 11.772
2773 11.364
2774 10.819
2775 5.4588
2776 8.0443
2777 11.533
2778 11.208
2779 13.456
2780 17.75
2781 16.692
2782 12.999
2783 15.778
2784 16.632
2785 10.828
2786 10.204
2787 10.15
2788 9.9256
2789 17.68
2790 12.284
2791 15.31
2792 14.497
2793 13.826
2794 14.016
2795 11.526
2796 12.99
2797 13.616
2798 12.513
2799 11.305
2800 12.835
2801 15.278
2802 17.559
2803 14.388
2804 11.066
2805 11.179
2806 12.004
2807 13.884
2808 11.786
2809 14.675
2810 14.533
2811 17.246
2812 18.559
2813 15.7
2814 13.876
2815 14.309
2816 14.43
2817 12.883
2818 16.631
2819 17.955
2820 14.938
2821 16.596
2822 18.255
2823 20.283
2824 21.189
2825 19.844
2826 17.428
2827 20.72
2828 19.889
2829 16.655
2830 16.094
2831 16.5
2832 20.141
2833 16.579
2834 15.532
2836 21.049
2837 23.322
2838 23.775
2839 26.263
2840 25.462
2841 20.983
2842 21.703
2843 23.165
2844 20.663
2845 22.291
2846 21.987
2847 25.221
2848 27.778
2849 26.253
2850 23.205
2851 25.306
2852 18.513
2853 18.875
2854 20.515
2855 22.643
2861 19.904
2862 19.941
2863 21.25
2864 23.042
2865 22.402
2866 22.97
2867 23.754
2868 22.204
2869 23.205
2870 25.956
2871 22.758
2872 21.658
2873 21.656
2874 20.997
2875 20.015
2876 24.296
2877 24.207
2878 23.559
2879 23.204
2880 22.592
2881 22.956
2882 22.827
2883 23.893
2884 24.534
2886 24.976
2887 24.411
2888 24.008
2892 20.977
2893 22.383
2894 23.371
2895 24.469
2896 26.068
2897 20.327
2898 17.254
2899 21.345
2900 22.479
2901 23.852
2903 21.713
2905 16.628
2906 16.815
2907 15.272
2908 16.769
2909 20.629
2910 18.117
2911 16.023
2912 17.598
2913 17.752
2914 16.885
2915 16.553
2916 18.262
2917 17.118
2918 18.257
2919 22.83
2920 21.928
2921 18.939
2922 16.272
2923 18.274
2924 22.782
2925 20.69
2926 15.682
2927 17.207
2928 18.432
2929 15.21
2930 18.42
2931 15.218
2932 20.516
2933 16.248
2934 13.086
2935 11.08
2936 10.38
2937 7.977
2938 7.0868
2939 9.8572
2940 7.4759
2941 7.1617
2942 8.6699
2943 13.795
2944 15.813
2945 14.071
2946 14.649
2947 14.301
2948 12.62
2949 13.158
2950 13.082
2951 11.746
2952 8.1982
2953 6.5785
2954 5.5798
2955 6.3706
2956 14.942
2957 4.6126
2958 2.8507
2959 3.4842
2960 6.8771
2961 16.351
2962 14.948
2963 8.8479
2964 9.6675
2965 9.0918
2966 12.334
2967 15.089
2968 12.153
2969 17.119
2970 9.6435
2971 10.317
2972 10.348
2973 8.5762
2974 2.0167
2975 -1.2484
2981 2.5384
2982 2.8638
2983 4.9457
2984 7.8211
2985 14.459
2986 7.2081
2987 6.2853
2988 5.8698
2989 5.2328
2990 7.877
2991 2.0874
2992 1.9507
2993 5.6606
2994 11.234
2995 4.9114
2996 4.4957
2997 5.2043
2998 -2.9869
2999 -5.9834
3000 -1.8853
3001 -4.2749
3002 -6.0258
3003 -5.578
3004 -6.1601
3005 -3.1941
3006 3.0695
3007 7.4512
3008 1.6349
3009 -3.0523
3010 -4.7272
3011 -1.4411
3013 2.4284
3014 -0.1022
3015 -2.1256
3016 -1.626
3017 -1.8579
3018 5.1884
3019 7.0299
3020 9.7894
3021 2.6441
3022 1.6846
3023 1.947
3024 -0.4132
3025 4.4005
3026 5.3014
3027 3.9413
3028 2.729
3029 2.7953
3030 7.225
3031 5.8558
3032 0.5823
3033 -1.7911
3034 -7.7999
3035 -7.3868
3036 -13.961
3043 -11.791
3044 -6.1254
3045 -2.3706
3046 -7.1396
3047 -7.5909
3048 -8.3681
3049 -3.6013
3050 -10.843
3051 -11.702
3052 -12.887
3053 -11.334
3054 -10.715
3055 -5.8677
3056 -7.0738
3057 -9.3891
3058 -7.0712
3059 -7.1952
3060 -7.1313
3061 -3.4851
3065 0.5742
3066 -5.7625
3067 0.9541
3068 3.9805
3069 -1.5272
3070 -2.677
3071 1.5118
3072 0.469
3073 -7.1982
3074 -10.205
3075 -5.7307
3076 -2.6167
3077 -1.5634
3078 -0.2276
3079 3.1331
3080 1.3771
3081 -0.9339
3082 -2.7216
3083 -4.5832
3084 -2.8432
3085 -1.7776
3086 1.5418
3087 5.4136
3088 7.2952
3089 8.8327
3090 7.5495
3091 6.263
3092 5.5296
3093 9.8698
3094 5.2206
3095 1.0382
3096 1.5125
3097 2.2836
3098 3.9178
3099 2.395
3100 -0.3644
3101 -0.1499
3102 6.5705
3103 -1.5392
3104 -3.8679
3105 -1.0259
3106 0.3003
3107 1.5362
3108 2.6354
3109 -3.5706
3110 0.2741
3111 6.7819
3112 8.5709
3113 13.202
3114 14.099
3115 9.9104
3116 5.6757
3117 3.1361
3118 5.3562
3119 6.229
3120 5.6114
3121 7.5074
3122 4.7616
3123 0.2242
3124 4.8973
3125 8.1301
3126 5.9278
3127 8.4851
3128 7.5472
3129 6.6387
3130 7.4019
3131 7.284
3132 10.506
3133 9.1763
3134 7.9726
3135 17.106
3136 16.283
3137 20.974
3138 15.692
3139 12.424
3140 17.526
3141 9.3713
3142 12.806
3143 7.3846
3144 10.484
3145 13.008
3146 7.9377
3147 18.52
3148 18.716
3149 20.257
3150 18.204
3151 10.044
3152 8.309
3153 10.214
3154 13.148
3155 19.431
3156 11.456
3157 11.468
3158 17.077
3159 21.695
3160 21.541
3161 22.203
3162 17.318
3163 22.877
3164 17.724
3165 17.161
3166 21.426
3167 17.509
3168 16.771
3169 20.492
3170 22.516
3171 21.808
3172 19.198
3173 18.86
3174 14.04
3175 17.686
3176 18.801
3177 12.842
3178 14.271
3179 13.031
3180 14.742
3181 17.55
3182 17.349
3183 15.441
3184 13.525
3185 13.693
3186 20.445
3187 24.784
3188 26.654
3189 18.226
3190 15.919
3191 16.316
3192 18.38
3193 20.962
3194 25.087
3195 23.837
3196 22.526
3197 24.012
3198 21.488
3199 15.676
3200 18.251
3201 21.01
3202 21.338
3203 20.831
3204 20.351
3205 17.744
3206 17.391
3207 17.695
3208 18.681
3209 20.927
3210 22.317
3211 23.154
3212 20.347
3213 21.687
3214 24.032
3215 21.462
3216 22.062
3217 24.251
3218 20.402
3219 21.603
3220 23.207
3221 19.78
3222 17.821
3223 20.6
3224 21.196
3225 21.073
3226 23.115
3227 19.413
3228 21.364
3229 22.196
3230 22.729
3231 24.615
3232 22.831
3233 20.795
3234 20.213
3235 20.801
3236 17.888
3237 19.196
3238 21.148
3239 23.234
3240 25.806
3241 24.533
3242 24.213
3243 24.967
3244 22.756
3245 18.674
3246 15.051
3247 15.135
3248 18.434
3249 20.296
3250 22.167
3251 21.553
3252 22.272
3253 22.599
3254 21.026
3255 20.194
3256 19.209
3257 18.978
3258 21.104
3259 23.655
3260 23.966
3261 19.253
3262 16.275
3263 19.953
3264 19.237
3265 19.847
3266 19.041
3267 22.124
3268 25.763
3269 25.051
3270 24.434
3271 21.371
3272 18.609
3273 18.251
3274 19.849
3275 21.549
3276 17.774
3277 17.283
3278 20.175
3279 19.404
3280 22.828
3281 19.672
3282 16.962
3283 17.753
3284 19.464
3285 16.75
3286 17.905
3287 19.75
3288 20.181
3289 13.166
3290 11.485
3291 12.105
3292 15.931
3293 17.763
3294 18.439
3295 17.964
3296 19.156
3297 18.091
3298 16.681
3299 16.987
3300 14.684
3301 14.278
3302 13.997
3303 15.579
3304 12.019
3305 13.684
3306 8.7816
3307 9.3007
3308 13.441
3309 15.818
3310 16.815
3311 13.067
3312 10.438
3313 10.343
3314 9.7314
3315 9.9199
3316 12.648
3317 10.572
3318 8.7299
3319 9.1658
3320 7.5892
3321 8.8565
3322 8.3074
3323 8.4543
3324 5.8607
3325 6.2657
3326 8.3474
3327 10.034
3328 9.188
3329 6.8058
3330 10.033
3331 13.524
3332 17.392
3333 10.856
3334 10.261
3335 9.432
3336 3.4863
3337 8.2596
3338 10.137
3339 14.159
3340 5.1171
3341 -0.4068
3342 -0.526
3343 6.2919
3344 0.5132
3345 -0.0786
3346 -0.3146
3347 2.7714
3348 3.3045
3349 4.39
3350 8.3502
3351 11.084
3352 5.8247
3353 7.9296
3354 8.424
3355 5.2599
3356 11.227
3357 11.24
3358 0.6626
3359 5.6523
3360 10.261
3361 2.8183
3362 3.3103
3363 8.3803
3364 3.697
3365 1.0918
3366 0.4999
3367 5.6869
3368 -1.6047
3369 1.369
3370 7.7964
3371 3.4604
3372 4.9533
3373 6.7644
3374 3.8088
3375 4.2446
3376 -1.5957
3377 -5.7461
3378 -1.873
3379 0.7053
3380 -3.9045
3381 -0.8384
3382 -12.565
3383 -8.3477
3384 -0.0857
3385 9.4651
3386 -2.0528
3387 -6.2412
3388 -6.675
3389 -7.7718
3390 -7.3001
3391 0.9317
3392 1.2636
3393 5.4767
3394 7.5966
3395 0.8642
3396 7.4588
3397 5.4496
3398 0.2325
3400 -0.2839
3401 -0.2718
3402 -0.7286
3403 2.4247
3408 -4.6557
3409 -5.3472
3410 -7.5204
3411 -14.002
3412 -11.423
3413 -6.0791
3414 -14.152
3415 -16.519
3416 -11.741
3417 -13.495
3418 -5.003
3419 -5.5112
3420 -15.537
3421 -16.766
3422 -9.838
3423 -3.1318
3424 -6.9444
3425 -7.3824
3426 -6.7467
3427 -3.6877
3428 0.8754
3429 0.6164
3430 0.5635
3431 2.1068
3432 3.6264
3433 4.2466
3434 0.8427
3435 -1.0002
3436 0.5629
3437 -0.4916
3438 0.4837
3439 6.5031
3440 4.7815
3441 -0.7305
3442 -5.3763
3443 -6.146
3444 -2.3454
3445 -2.8097
3446 0.149
3447 -1.0416
3448 -5.3267
3449 -5.0275
3450 -4.5656
3451 -4.3533
3452 -3.3468
3453 -1.5956
3454 -2.0061
3455 -4.5849
3456 -4.5459
3457 -3.1872
3458 1.5356
3459 7.8565
3460 -2.325
3461 -8.2559
3462 -5.8539
3463 -1.5321
3464 0.2695
3465 -0.2018
3466 -1.4768
3467 0.6284
3468 0.4273
3469 0.6907
3470 2.4278
3471 0.8533
3472 0.9231
3473 2.2517
3474 3.6955
3475 1.9787
3476 1.0456
3477 2.5578
3478 2.86
3479 4.7157
3480 2.2209
3481 6.9567
3482 7.0634
3483 6.8574
3484 8.2819
3485 8.9943
3486 5.9639
3487 6.056
3488 9.7539
3489 15.06
3490 16.948
3491 11.372
3492 9.4052
3493 11.496
3494 8.5997
3495 6.0043
3496 6.0416
3497 9.5245
3498 8.317
3499 8.6017
3500 12.902
3501 15.371
3502 16.132
3503 22.048
3504 11.587
3505 8.5416
3506 12.155
3507 10.257
3508 6.9101
3509 12.99
3510 12.316
3511 10.034
3512 11.14
3513 11.746
3514 10.976
3515 8.7756
3516 7.7378
3517 8.3977
3518 9.6947
3519 9.6727
3520 11.574
3521 11.472
3522 14.524
3523 15.538
3524 18.661
3525 13.528
3526 11.034
3527 17.523
3528 18.622
3529 14.782
3530 12.982
3531 12.62
3532 13.393
3533 11.817
3534 12.677
3535 10.214
3536 12.135
3537 9.8008
3538 10.009
3539 12.437
3540 15.755
3541 15.427
3542 16.292
3543 15.855
3544 17.174
3545 16.865
3546 17.213
3547 16.193
3548 20.507
3549 22.525
3550 21.78
3551 23.264
3552 23.488
3553 25.611
3554 24.517
3555 24.434
3556 26.095
3557 27.3
3558 26.429
3559 21.433
3560 17.981
3561 16.486
3562 18.211
3563 17.723
3564 18.908
3565 20.729
3566 18.906
3567 18.652
3568 22.806
3569 26.879
3570 27.117
3571 24.948
3572 24.903
3573 24.012
3574 23.709
3575 23.631
3576 20.922
3577 19.207
3578 21.217
3579 22.837
3580 23.681
3581 20.483
3582 17.324
3583 20.619
3584 23.789
3585 24.553
3586 24.085
3587 21.842
3588 24.759
3589 25.795
3590 24.595
3591 25.115
3592 25.618
3593 26.034
3594 24.369
3595 22.88
3596 23.421
3597 21.628
3598 22.532
3599 24.567
3600 26.026
3601 26.386
3602 20.974
3603 22.019
3604 22.786
3605 23.11
3606 24.273
3607 25.9
3608 25.571
3609 27.038
3610 25.714
3611 22.172
3612 24.353
3613 23.903
3614 23.509
3615 24.863
3616 26.685
3617 25.943
3618 27.045
3619 25.952
3620 20.778
3621 21.089
3622 21.575
3623 19.897
3624 19.575
3625 23.217
3626 25.949
3627 21.505
3628 19.34
3629 18.244
3630 18.678
3631 21.118
3632 22.192
3633 22.219
3634 23.851
3635 24.151
3636 25.717
3637 21.635
3638 21.353
3639 19.993
3640 18.908
3641 18.907
3642 19.211
3643 20.342
3644 20.507
3645 18.808
3646 17.725
3647 17.638
3648 23.385
3649 24.301
3650 23.6
3651 23.491
3652 22.908
3653 22.802
3654 20.057
3655 20.341
3656 23.289
3657 20.289
3658 21.022
3659 22.358
3660 15.521
3661 17.3
3662 20.567
3663 17.616
3664 15.101
3665 16.147
3666 11.578
3667 13.796
3668 15.889
3669 16.779
3670 18.336
3671 18.94
3672 19.3
3673 21.869
3674 14.56
3675 11.3
3676 12.544
3677 14.059
3678 10.726
3679 13.437
3680 14.122
3681 15.113
3682 12.846
3683 11.546
3684 13.334
3685 14.869
3686 9.1969
3687 8.4805
3688 6.3875
3689 5.803
3690 5.548
3691 5.0154
3692 5.3697
3693 4.827
3694 4.1137
3695 3.9674
3696 10.427
3697 11.378
3698 12.702
3699 8.8895
3700 12.023
3701 13.695
3702 15.164
3703 13.5
3704 12.005
3705 11.096
3706 8.235
3707 8.444
3708 3.2683
3709 5.0576
3710 11.13
3711 10.874
3712 7.7774
3713 15.009
3714 3.5185
3715 0.256
3716 0.7833
3717 7.066
3718 7.395
3719 4.031
3720 -2.7103
3721 0.433
3722 -4.5661
3723 -1.17
3724 4.1136
3725 10.507
3726 15.544
3727 10.85
3728 2.6837
3729 2.0133
3730 -1.4291
3731 -2.9499
3732 -2.449
3733 -1.1976
3734 -3.9984
3735 -6.452
3736 -2.4129
3737 -2.6098
3738 -1.862
3739 -1.838
3740 -10.77
3741 -11.782
3742 -9.5141
3743 2.7131
3744 -1.0669
3745 -2.2661
3746 -2.9578
3747 -5.0889
3748 -4.146
3749 -1.0265
3750 3.3485
3751 2.8836
3752 2.5967
3753 3.9034
3754 2.0702
3755 2.5675
3756 5.9985
3757 2.4221
3758 -3.3865
3759 -0.4251
3760 1.6925
3761 -0.0458
3762 -2.6842
3763 2.4809
3764 0.2351
3765 -4.3426
3766 0.4091
3767 4.1522
3768 3.1425
3769 3.5478
3770 5.9708
3771 4.9871
3772 8.9283
3773 -7.5682
3774 -7.9278
3775 -3.9538
3776 7.2793
3777 1.5222
3778 5.8526
3779 7.6343
3780 -0.7423
3781 0.5258
3782 -0.1672
3783 1.6463
3784 -2.7662
3785 -2.9089
3786 3.577
3787 2.623
3788 6.0711
3789 2.4828
3790 2.1746
3791 4.306
3792 9.8063
3793 5.7696
3794 6.1584
3795 1.1914
3796 0.4307
3797 -2.9395
3798 -3.3701
3799 -3.6607
3800 -3.1542
3801 -5.9433
3802 -4.4418
3803 0.8395
3804 4.5287
3805 6.1577
3806 7.1504
3807 -5.6169
3808 -7.3592
3809 -4.5817
3810 -0.3185
3811 -0.2151
3812 1.4181
3813 -0.9534
3814 -0.5452
3815 -7.5824
3816 -7.76
3817 -5.5437
3818 -2.696
3819 -3.517
3820 -5.987
3821 -1.7808
3822 0.493
3823 -1.481
3824 -1.4728
3825 -0.1628
3826 5.7422
3827 13.909
3828 8.9106
3829 8.1349
3830 11.611
3831 10.424
3832 2.6026
3833 2.2267
3834 0.2458
3835 -0.4596
3836 -0.5653
3837 -1.2108
3838 -0.4597
3839 0.8041
3840 4.0276
3841 4.3666
3842 5.2485
3843 5.6075
3844 6.0077
3845 5.715
3846 7.4733
3847 10.573
3848 14.886
3849 15.415
3850 10.582
3851 7.3738
3852 4.8095
3853 3.3985
3854 4.6241
3855 7.9226
3856 5.0427
3857 4.9031
3858 7.7349
3859 11.255
3860 13.188
3861 16.652
3862 12.529
3863 16.661
3864 11.493
3865 8.9737
3866 13.492
3867 14.531
3868 16.309
3869 12.444
3870 5.6274
3871 8.7412
3872 11.077
3873 13.035
3874 9.2675
3875 13.835
3876 9.7429
3877 10.585
3878 12.283
3879 13.576
3880 11.552
3881 13.176
3882 18.429
3883 18.668
3884 13.994
3885 10.956
3886 13.222
3887 12.81
3888 15.203
3889 14.852
3890 15.083
3891 14.528
3892 11.393
3893 11.527
3894 12.31
3895 15.462
3896 16.115
3897 11.842
3898 13.482
3899 12.003
3900 10.039
3901 10.764
3902 14.543
3903 16.501
3904 17.857
3905 20.268
3906 20.898
3907 23.361
3908 23.443
3909 21.259
3910 22.762
3911 19.297
3912 15.473
3913 15.178
3914 16.26
3915 16.998
3916 14.608
3917 15.374
3918 16.462
3919 13.626
3920 14.723
3921 17.078
3922 19.805
3923 18.517
3924 19.018
3925 19.757
3926 21.782
3927 26.581
3928 25.311
3929 20.72
3930 20.736
3931 24.267
3932 24.031
3933 20.479
3934 21.307
3935 22.57
3936 23.938
3937 23.615
3938 23.144
3939 20.496
3940 22.026
3941 25.13
3942 25.561
3943 23.466
3944 22.347
3945 19.347
3946 19.574
3947 21.415
3948 23.399
3949 22.995
3950 24.109
3951 23.224
3952 23.561
3953 24.616
3954 23.961
3955 25.288
3956 26.35
3957 26.698
3958 24.426
3959 22.932
3960 24.061
3961 23.686
3962 19.675
3963 21.515
3964 24.788
3965 25.163
3966 26.701
3967 24.649
3968 25.168
3969 25.161
3970 33.09
3971 29.61
3972 28.87
3973 28.16
3974 27.53
3975 27.16
3976 26.64
3977 26.04
3978 25.44
3979 24.93
3980 24.41
3981 23.87
3982 23.28
3983 22.82
3984 22.35
3985 21.859
3986 21.5
3987 21.11
3988 20.71
3989 20.34
3990 19.88
3991 19.61
3992 19.27
3993 18.99
3994 18.68
3995 18.44
3996 18.32
3997 18.11
3998 17.93
3999 17.79
4000 17.72
4001 17.57
4002 17.41
4003 17.22
4004 17.06
4005 16.88
4006 16.74
4007 16.51
4008 16.24
4009 16.03
4010 15.74
4011 15.43
4012 15.07
4013 14.72
4014 14.23
4015 13.69
4016 12.94
4017 11.66
4018 9.25
4019 20.047
4020 19.556
4021 14.975
4022 12.096
4023 13.247
4024 19.064
4025 20.6
4026 16.651
4027 14.811
4028 14.314
4029 18.518
4030 12.404
4031 10.835
4032 14.507
4033 12.739
4034 15.981
4035 18.529
4036 12.176
4037 10.41
4038 10.247
4039 10.935
4040 15.244
4041 13.949
4042 13.559
4043 14.969
4044 6.2267
4045 7.3549
4046 5.9456
4047 7.5046
4048 10.639
4049 16.355
4050 15.578
4051 11.801
4052 8.0313
4053 9.3171
4054 8.5493
4055 6.3273
4056 7.4306
4057 5.2048
4058 4.5132
4059 12.145
4060 7.632
4061 9.0932
4062 14.288
4063 12.682
4064 5.8868
4065 2.7777
4066 1.5109
4067 2.6445
4068 5.9562
4069 9.9904
4070 11.999
4071 14.157
4072 10.331
4073 11.201
4074 9.1587
4075 9.2375
4076 12.308
4077 13.365
4078 17.824
4079 13.426
4080 6.4411
4081 4.7122
4082 3.2946
4083 0.3755
4084 1.9533
4085 2.8156
4086 5.4006
4087 2.8452
4088 6.5989
4089 8.7465
4090 9.1451
4091 10.498
4092 16.71
4093 17.568
4094 5.2911
4095 2.0016
4096 0.1122
4097 -2.4579
4098 2.0574
4099 4.5235
4100 -5.9379
4101 -0.2964
4102 5.9022
4103 6.809
4104 4.9587
4105 8.8197
4106 7.307
4107 7.4695
4108 5.1078
4109 8.0307
4110 9.7565
4111 1.7152
4112 1.63
4113 5.1511
4114 1.0829
4115 8.4167
4116 7.0978
4117 1.8581
4118 5.0357
4119 3.3709
4120 4.5546
4121 1
4122 0.492
4123 0.3092
4124 6.8946
4125 3.9783
4126 4.3711
4127 8.164
4128 12.874
4129 16.837
4130 6.1833
4131 7.107
4132 1.7702
4133 -1.6325
4134 -1.9498
4135 4.2125
4136 7.0695
4137 1.1075
4138 2.1549
4139 0.7212
4140 -7.3668
4141 -3.0528
4142 0.3619
4143 -4.3443
4144 -6.6135
4145 -3.8516
4146 -2.7585
4147 -0.399
4148 -5.9174
4149 -11.856
4150 -4.585
4151 0.7948
4152 -5.8086
4153 -4.4565
4154 -4.243
4155 -2.2451
4156 0.1118
4157 -4.8983
4158 -8.3038
4159 -11.944
4160 -10.159
4161 -9.1761
4162 -7.6498
4163 -6.4922
4164 -5.1972
4165 -4.8731
4166 -1.9187
4167 -8.8815
4168 -10.485
4169 -10.784
4170 -7.6498
4171 -3.7581
4172 -4.4066
4173 -9.1388
4174 1.3858
4175 2.7558
4176 0.4368
4177 -2.364
4178 -4.254
4179 -4.0714
4180 -2.2782
4181 0.4682
4182 1.1133
4183 -1.2161
4184 3.79
4185 5.2558
4186 0.2164
4187 -2.0088
4188 -11.352
4189 -10.381
4190 -6.9494
4191 -7.0523
4192 0.7154
4193 2.9311
4194 4.1523
4195 8.1981
4196 11.29
4197 7.5651
4198 -4.1252
4199 -3.8329
4200 -1.8141
4201 0.198
4202 3.152
4203 -0.9194
4204 9.0873
4205 7.1566
4206 5.4357
4207 4.5076
4208 5.4735
4209 12.946
4210 8.8378
4211 4.0523
4212 7.0822
4213 4.804
4214 4.3313
4215 7.1179
4216 10.219
4217 3.5395
4218 2.1666
4219 0.0649
4220 -0.4664
4221 0.1987
4222 1.9477
4223 2.4489
4224 4.4012
4225 2.9145
4226 5.4928
4227 6.9465
4228 3.6747
4229 4.9407
4230 6.2653
4231 6.8838
4232 9.7609
4233 10.999
4234 13.477
4235 16.245
4236 21.142
4237 18.046
4238 9.2
4239 10.269
4240 9.9392
4241 14.796
4242 12.648
4243 15.621
4244 12.625
4245 12.169
4246 12.488
4247 12.366
4248 13.441
4249 10.78
4250 12.048
4251 15.472
4252 21.656
4253 21.181
4254 20.397
4255 16.112
4256 12.187
4257 13.833
4258 22.5
4259 20.975
4260 14.263
4261 11.148
4262 10.446
4263 14.924
4264 13.867
4265 14.283
4266 17.317
4267 22.732
4268 24.82
4269 22.158
4270 20.516
4271 20.822
4272 17.454
4273 19.419
4274 21.946
4275 22.029
4276 23.798
4277 21.361
4278 20.778
4279 14.189
4280 16.516
4281 22.569
4282 21.957
4283 18.558
4284 20.614
4285 19.667
4286 16.985
4287 15.06
4288 18.171
4289 19.286
4290 22.37
4291 22.819
4292 23.207
4293 20.469
4294 18.415
4295 17.5
4296 15.911
4297 18.505
4298 23.244
4299 26.486
4300 26.41
4301 23.496
4302 19.33
4303 19.076
4304 16.42
4305 15.922
4306 18.363
4307 18.863
4308 22.565
4309 20.893
4310 21.548
4311 25.593
4312 28.266
4313 27.155
4314 24.272
4315 19.911
4316 21.159
4317 21.25
4318 23.611
4319 21.396
4320 23.669
4321 22.294
4322 21.917
4323 21.398
4324 19.826
4325 20.603
4326 17.409
4327 20.426
4328 23.079
4329 24.161
4330 24.257
4331 23.023
4332 22.004
4333 23.247
4334 22.833
4335 23.778
4336 25.471
4337 25.706
4338 24.036
4339 21.938
4340 24.309
4341 25.477
4342 25.973
4343 22.286
4344 14.891
4345 18.541
4346 22.268
4347 22.793
4348 18.791
4349 21.198
4350 23.763
4351 20.228
4352 16.381
4353 17.369
4354 16.822
4355 13.88
4356 15.906
4357 18.886
4358 23.608
4359 27.549
4360 22.628
4361 21.215
4362 22.505
4363 22.158
4364 23.723
4365 19.872
4366 16.994
4367 17.034
4368 21.596
4369 20.956
4370 18.258
4371 21.056
4372 24.054
4373 25.199
4374 23.562
4375 21.3
4376 19.824
4377 16.863
4378 15.721
4379 18.872
4380 15.138
4381 10.822
4382 11.635
4383 11.635
4384 12.816
4385 15.262
4386 18.334
4387 19.779
4388 20.018
4389 17.768
4390 17.439
4391 21.745
4392 25.649
4393 23.78
4394 18.231
4395 15.599
4396 14.938
4397 15.368
4398 16.746
4399 20.124
4400 21.982
4401 21.683
4402 22.403
4403 18.758
4404 22.761
4405 17.637
4406 15.269
4407 15.118
4408 11.072
4409 9.5372
4410 11.552
4411 12.015
4412 11.468
4413 13.235
4414 18.349
4415 20.485
4416 16.054
4417 15.654
4418 17.308
4419 20.636
4420 12.4
4421 10.962
4422 9.5837
4423 15.593
4424 8.9915
4425 4.5124
4426 8.709
4427 10.837
4428 10.849
4429 5.9429
4430 6.1033
4431 8.235
4432 7.8507
4433 8.2159
4434 3.8158
4435 0.9428
4436 2.0988
4437 1.4932
4438 0.0763
4439 3.4226
4440 8.4906
4441 8.3367
4442 8.6644
4443 3.7855
4444 2.7229
4445 2.7793
4446 2.9417
4447 3.737
4448 7.2631
4449 10.835
4450 0.3269
4451 -2.7329
4452 2.0305
4453 6.4798
4454 9.4617
4455 2.2297
4456 5.2116
4457 2.0199
4458 -2.4987
4459 -6.4831
4460 1.3713
4461 -2.797
4462 -3.7491
4471 0.6447
4472 -5.6144
4473 -2.617
4474 -4.1556
4475 -2.1673
4476 0.1151
4477 1.2858
4478 0.5401
4479 0.8609
4480 6.8211
4481 3.3789
4482 1.7871
4483 -0.6568
4484 0.967
4485 3.9234
4486 4.4764
4487 0.5375
4488 0.9948
4489 0.6626
4490 -3.9378
4491 -11.117
4492 -3.7926
4493 0.6765
4494 3.3048
4495 6.8555
4496 10.621
4497 12.189
4498 4.3759
4499 5.4633
4500 3.7027
4501 1.1762
4502 0.2295
4503 -0.1061
4504 -2.5743
4505 -2.9394
4506 1.9982
4507 -1.0221
4508 -6.7064
4509 -8.6367
4510 -1.7633
4511 -1.2835
4512 -4.4462
4513 -4.7027
4514 -3.5212
4515 -2.3062
4516 -3.1768
4517 -1.1785
4518 2.7327
4519 -2.5795
4520 -0.1634
4521 3.345
4522 1.0577
4523 -0.5488
4524 5.8785
4525 4.2113
4526 2.142
4527 -0.6158
4528 0.2291
4529 -1.4482
4530 -9.7769
4531 -7.8378
4532 -0.375
4533 -1.6029
4534 0.8965
4535 -4.8391
4536 -0.5345
4537 9.6262
4538 0.7114
4540 -5.2309
4541 -3.2203
4542 -2.8494
4543 -4.2453
4544 -0.9908
4545 0.2988
4546 -0.9217
4547 -7.9553
4548 -6.6614
4549 1.531
4550 -0.6293
4551 4.2953
4552 5.3701
4553 5.8866
4554 2.7984
4555 3.2713
4556 4.3779
4557 -0.1542
4558 -0.7797
4559 1.8108
4560 3.7543
4561 1.4243
4562 5.8573
4563 6.0684
4564 3.8154
4565 0.6505
4566 1.8842
4567 6.1996
4568 5.9486
4569 1.3828
4570 2.4317
4571 0.6257
4572 1.2246
4573 2.2452
4574 7.8279
4575 5.0302
4576 2.8875
4577 1.1751
4578 0.3011
4579 4.8461
4580 15.871
4581 4.2566
4582 3.7512
4583 5.0565
4584 9.5715
4585 6.6128
4586 6.7603
4587 8.5815
4588 9.2467
4589 13.998
4590 11.087
4591 16.558
4592 7.9863
4593 5.4563
4594 6.4694
4595 9.7725
4596 13.574
4597 16.845
4598 17.157
4599 13.769
4600 14.57
4601 14.541
4602 18.642
4603 17.029
4604 15.934
4605 14.36
4606 10.337
4607 10.233
4608 8.7988
4609 6.0695
4610 7.964
4611 10.106
4612 10.051
4613 12.253
4614 12.237
4615 14.888
4616 16.839
4617 18.674
4618 9.6605
4619 12.203
4620 12.301
4621 10.229
4622 12.434
4623 15.121
4624 14.598
4625 10.238
4626 14.551
4627 12.138
4628 9.9653
4629 9.9935
4630 11.558
4631 10.653
4632 14.25
4633 14.144
4634 16.176
4635 22.421
4636 20.029
4637 13.496
4638 17.435
4639 23.371
4640 20.608
4641 20.382
4642 18.646
4643 20.548
4644 16.405
4645 18.859
4646 19.095
4647 25.253
4648 24.648
4649 26.833
4650 27.68
4651 22.34
4652 20.775
4653 21.044
4654 22.688
4655 22.288
4656 20.17
4657 17.734
4658 14.461
4659 16.023
4660 17.255
4661 20.656
4662 20.947
4663 21.241
4664 19.415
4665 20.479
4666 21.815
4667 22.443
4668 24.627
4669 24.535
4670 22.267
4671 21.131
4672 21.684
4673 23.665
4674 19.973
4675 21.521
4676 22.746
4677 24.171
4678 25.997
4679 26.16
4680 22.564
4681 21.581
4682 24.466
4683 24.145
4684 21.088
4685 21.901
4686 23.324
4687 23.978
4688 26.129
4689 27.249
4690 27.325
4691 25.112
4692 22.771
4693 22.184
4694 21.796
4695 21.171
4696 23.266
4697 21.579
4698 22.633
4699 23.142
4700 23.094
4701 24.574
4702 23.106
4703 19.96
4704 19.869
4705 21.523
4706 22.612
4707 23.026
4708 21.395
4709 18.829
4710 19.455
4711 18.859
4712 16.902
4713 19.124
4714 20.053
4715 20.021
4716 19.161
4717 18.347
4718 20.583
4719 22.672
4720 20.446
4721 16.242
4722 18.405
4723 20.608
4724 20.137
4725 21.716
4726 22.683
4727 16.409
4728 17.497
4729 18.788
4730 19.881
4731 20.961
4732 19.137
4733 18.657
4734 21.199
4735 23.211
4736 24.631
4737 25.092
4738 22.359
4739 20.597
4740 19.295
4741 19.123
4742 14.913
4743 16.339
4744 17.859
4745 21.257
4746 25.114
4747 22.583
4748 15.292
4749 14.48
4750 13.977
4751 11.949
4752 12.612
4753 16.211
4754 14.493
4755 12.798
4756 14.258
4757 13.427
4758 14.08
4759 17.905
4760 19.298
4761 17.426
4762 16.321
4763 16.002
4764 12.142
4765 10.777
4766 9.452
4767 11.282
4768 9.1144
4769 7.4602
4770 10.645
4771 17.192
4772 13.638
4773 12.009
4774 12.607
4775 15.293
4776 16.716
4777 14.132
4778 16.387
4779 8.3428
4780 6.2796
4781 4.9972
4782 5.0088
4783 6.7253
4784 5.9569
4785 4.2368
4786 4.625
4787 12.942
4788 11.378
4789 9.5938
4790 4.31
4791 3.8714
4792 3.3203
4793 8.4014
4794 10.202
4795 3.0874
4796 7.5017
4797 10.234
4798 12.929
4799 13.738
4800 14.214
4801 13.549
4802 8.5502
4803 6.2248
4804 4.9991
4805 3.8105
4806 8.4468
4807 13.461
4808 15.893
4809 7.376
4810 3.0107
4811 -0.1953
4812 -2.3478
4813 -2.2661
4814 -3.3361
4815 -5.2286
4816 -3.8223
4817 2.4953
4818 3.2892
4819 2.5044
4820 1.935
4821 4.7812
4822 2.4393
4823 -0.5067
4824 6.2151
4825 3.7116
4826 0.3592
4827 3.5654
4828 -1.0406
4829 -2.3322
4830 -2.4476
4831 -6.6056
4832 4.005
4833 11.32
4834 -0.0519
4835 0.5441
4836 -4.0112
4837 -0.6926
4838 12.444
4839 1.4432
4840 0.0578
4841 -0.2074
4842 -3.3166
4843 -8.1875
4844 -4.3536
4845 -8.65
4846 -5.5115
4847 3.0308
4848 3.2913
4849 -1.1935
4850 2.7383
4851 9.7773
4852 2.6935
4853 1.6842
4854 -5.7154
4855 -9.1235
4856 -4.6015
4857 -1.5005
4858 -3.5711
4859 1.167
4860 -2.653
4861 -0.1
4862 -0.3328
4863 -4.1754
4864 -7.4232
4865 -6.7627
4866 -5.9643
4867 -1.5893
4868 -8.0459
4869 -11.581
4870 -13.292
4871 -12.657
4872 -4.8434
4873 -4.0675
4874 -8.3126
4875 -8.918
4876 -4.4237
4877 -0.8298
4878 -2.8374
4879 -9.3617
4880 -7.9916
4881 -4.8605
4882 -1.4916
4883 -4.1177
4884 -3.2624
4885 -6.8001
4886 -0.0335
4887 1.7813
4888 -3.1729
4906 -1.5499
4907 0.5821
4908 -4.0405
4909 -3.5451
4910 -1.7332
4911 1.2464
4912 8.8284
4913 0.1458
4914 -2.9371
4915 -7.5735
4916 -9.1454
4946 10.389
4947 13.106
4948 7.9412
4949 9.4349
4950 6.4884
4951 4.7019
4952 3.794
4953 7.5123
4954 8.3457
4955 6.0213
4956 2.4319
4957 5.5504
4958 7.671
4959 9.795
4960 8.6551
4961 11.683
4962 16.756
4963 11.629
4964 7.0958
4965 10.627
4966 10.299
4967 7.9931
4968 13.094
4969 22.251
4970 23.893
4971 22.259
4972 25.835
4973 13.232
4974 12.672
4975 16.992
4976 14.366
4977 11.218
4978 12.454
4979 11.037
4980 13.264
4981 16.673
4982 17.352
4983 19.261
4984 14.026
4985 12.094
4986 11.701
4987 13.609
4988 15.154
4989 18.562
4990 17.11
4991 12.446
4992 8.6619
4993 12.399
4994 19.603
4995 23.492
4996 23.08
4997 17.119
4998 19.771
4999 19.279
5000 11.947
5001 13.661
5002 15.875
5003 17.509
5004 17.995
5005 16.365
5006 14.567
5007 19.121
5008 15.017
5009 16.148
5010 14.073
5011 18.785
5012 20.148
5013 19.733
5014 17.228
5015 17.977
5016 16.61
5017 20.347
5018 19.554
5019 18.531
5020 16.274
5021 15.681
5022 16.158
5023 16.223
5024 19.901
5025 17.694
5026 19.414
5027 19.468
5028 21.68
5029 20.712
5030 22.534
5031 19.694
5032 19.034
5033 20.734
5034 21.587
5035 19.156
5036 19.251
5037 19.53
5038 20.097
5039 19.87
5040 18.712
5041 19.686
5042 18.623
5043 17.054
5044 17.677
5045 19.078
5046 19.955
5047 20.08
5048 17.619
5049 17.916
5050 19.727
5051 23.448
5052 21.225
5053 21.231
5054 20.52
5055 20.6
5056 17.583
5057 21.281
5058 21.068
5059 20.452
5060 21.698
5061 22.967
5062 23.127
5063 23.836
5064 23.052
5065 23.411
5066 21.433
5067 21.906
5068 21.24
5069 21.752
5070 22.745
5071 24.209
5072 19.321
5073 18.617
5074 18.29
5075 21.149
5076 24.508
5077 23.966
5078 21.738
5079 20.174
5080 22.408
5081 23.847
5082 24.908
5083 25.566
5084 26.652
5085 25.159
5086 24.839
5087 25.146
5088 22.681
5089 22.926
5090 21.677
5091 21.753
5092 23.288
5093 18.824
5094 16.966
5095 17.73
5096 20.485
5097 15.712
5098 14.563
5099 15.733
5100 17.933
5101 18.861
5102 20.29
5103 18.129
5104 16.877
5105 17.498
5106 18.533
5107 15.294
5108 13.605
5109 17.398
5110 19.355
5111 17.55
5112 19.305
5113 15.869
5114 12.445
5115 16.206
5116 11.901
5117 12.911
5118 15.33
5119 18.63
5120 22.889
5121 20.424
5122 12.905
5123 11.862
5124 16.824
5125 17.403
5126 15.025
5127 11.14
5128 9.302
5129 11.134
5130 17.778
5131 15.274
5132 13.01
5133 13.219
5134 15.394
5135 12.51
5136 13.648
5137 13.11
5138 8.0889
5139 6.2999
5140 8.814
5141 5.3203
5142 2.6325
5143 4.6505
5144 5.4612
5145 3.9962
5146 4.0219
5147 9.0148
5148 11.965
5149 16.706
5150 8.5901
5151 15.998
5152 11.046
5153 7.6189
5154 8.277
5155 10.097
5156 10.914
5157 11.836
5158 16.161
5159 9.4811
5160 6.1282
5161 6.6465
5162 5.5513
5163 5.3135
5164 3.3072
5165 3.5966
5166 9.1103
5167 12.402
5168 13.493
5169 8.5011
5170 6.8484
5171 8.1752
5172 9.7426
5173 11.443
5174 8.2243
5175 5.4544
5176 3.8683
5177 8.6743
5178 11.924
5179 7.2717
5180 4.5137
5181 6.6809
5182 8.0286
5183 8.2314
5184 8.4649
5185 6.3328
5186 6.628
5187 7.6138
5188 8.4681
5246 0.2481
5247 -1.5752
5248 -9.0813
5249 -11.457
5250 -8.1384
5251 -2.8432
5252 -3.4434
5253 -1.5203
5254 -1.8612
5255 -2.2696
5256 -5.7004
5257 -6.5649
5258 -3.3669
5259 -1.6426
5260 -2.444
5261 -1.804
5262 -2.7376
5263 -5.1362
5264 -0.6631
5265 -0.1893
5286 6.305
5287 5.2233
5288 4.3729
5289 5.9154
5290 5.4383
5291 4.9117
5292 6.7514
5293 5.0508
5294 6.8887
5295 6.6935
5296 9.2487
5297 10.53
5298 13.186
5299 11.839
5300 11.862
5301 7.9967
5302 8.2029
5303 10.051
5304 2.0376
5305 0.1696
5306 3.6966
5307 10.593
5308 4.6858
5309 8.4062
5310 12.011
5311 14.567
5312 14.417
5313 14.37
5314 15.659
5315 17.57
5316 24.221
5317 20.132
5318 11.174
5319 8.9968
5320 15.127
5321 10.815
5322 9.9381
5323 10.649
5324 12.868
5325 8.8731
5326 7.9889
5327 8.1184
5328 9.4788
5329 11.825
5330 12.841
5331 13.989
5332 10.516
5333 11.894
5334 9.2743
5335 10.127
5336 8.556
5337 7.5916
5338 12.027
5339 17.695
5340 20.814
5341 25.321
5342 20.469
5343 16.883
5344 18.152
5345 19.122
5346 15.175
5347 15.508
5348 6.5989
5349 8.1496
5350 7.7977
5351 6.9886
5352 11.536
5353 18.623
5354 16.46
5355 13.911
5356 15.071
5357 11.64
5358 13.171
5359 18.235
5360 20.613
5361 18.549
5362 18.219
5363 19.62
5364 22.412
5365 24.686
5366 19.691
5367 17.502
5368 21.136
5369 21.644
5370 21.258
5371 21.267
5372 21.994
5373 24.279
5374 23.38
5375 24.974
5376 21.192
5377 15.938
5378 15.222
5379 12.826
5380 18.113
5381 17.829
5382 20.003
5383 19.744
5384 20.049
5385 19.728
5386 19.01
5387 19.532
5388 20.81
5389 22.525
5390 25.625
5391 23.172
5392 20.772
5393 24.411
5394 25.898
5395 22.424
5396 21.871
5397 24.207
5398 26.59
5399 24.078
5400 17.237
5401 16.839
5402 18.239
5403 21.648
5404 25.391
5405 26.311
5406 29.303
5407 28.798
5408 26.111
5409 26
5410 22.514
5411 24.081
5412 24.619
5413 24.007
5414 22.997
5444 21.464
5445 20.869
5446 20.456
5447 24.368
5448 23.784
5449 21.232
5450 22.447
5451 21.903
5452 20.455
5453 21.483
5454 18.604
5455 18.262
5456 18.162
5457 19.64
5458 17.123
5459 18.246
5460 21.864
5461 22.049
5462 24.694
5463 24.977
5464 26.291
5465 23.968
5466 20.717
5467 16.845
5468 17.936
5469 23.606
5470 22.756
5471 16.872
5472 16.034
5473 16.183
5474 16.055
5475 16.826
5476 15.489
5477 14.328
5478 14.554
5479 16.559
5480 16.273
5481 18.699
5482 15.181
5561 -3.3697
5562 -6.2652
5563 -5.9045
5564 -0.5966
5565 6.8568
5566 1.6151
5567 -7.7602
5568 -6.8933
5569 -4.5817
5570 -3.5394
5571 -3.3849
5572 -5.1465
5573 -5.1164
5574 -1.8581
5575 -1.2311
5576 -1.2446
5577 -2.4892
5578 -4.4332
5579 -6.8431
5580 -6.4376
5581 -2.1658
5582 -1.0157
5583 -4.5833
5584 1.2308
5585 3.4063
5586 3.3811
5587 -2.234
5588 -0.3363
5589 -1.4731
5590 -5.1459
5591 -2.9135
5592 -5.7458
5593 -3.8505
5594 -4.091
5595 -6.7492
5596 -4.8676
5597 -6.6493
5598 -11.173
5599 -6.4486
5600 -3.4018
5601 -8.0068
5602 -3.9635
5603 -0.3632
5604 -4.1029
5605 -5.4655
5606 -11.602
5607 -11.945
5608 -15.385
5609 -7.3735
5610 -4.6827
5611 -2.1193
5612 -3.5579
5613 -2.581
5614 -2.8096
5615 -7.9985
5616 -8.4062
5617 -3.4378
5618 -4.3723
5619 -4.2989
5620 -2.1507
5621 1.9798
5622 1.4687
5623 -2.5977
5624 -6.5615
5625 -6.4212
5626 -5.8118
5627 -1.1408
5628 0.7436
5629 7.0326
5630 -3.5153
5631 -0.9605
5632 4.6513
5633 9.7863
5634 0.0677
5635 -4.3661
5636 -4.5901
5637 -7.9626
5638 -6.8822
5639 -2.144
5640 0.3668
5641 -0.6109
5642 2.431
5643 4.706
5644 0.5637
5645 1.9811
5646 -6.2517
5647 -1.5971
5648 7.7013
5649 8.2755
5650 1.045
5651 -0.8707
5652 0.649
5653 5.0864
5654 8.6754
5655 6.5149
5656 5.5955
5657 2.6014
5658 2.1176
5659 5.7675
5660 10.415
5661 14.662
5662 5.9627
5663 2.6149
5664 2.6783
5665 5.3161
5666 -0.63
5667 0.0538
5668 -0.9456
5669 -1.828
5670 -0.5604
